date,open,high,close,low,volume,price_change,p_change,ma5,ma10,ma20,v_ma5,v_ma10,v_ma20,turnover
2021-01-05,41.35,41.52,40.96,40.72,10326.98,-0.39,-0.94,40.74,40.715,42.224,10471.81,10506.93,10452.86,2.37
2021-01-04,41.03,41.68,41.35,40.88,11489.0,-0.01,-0.02,40.63,40.831,42.467,10471.42,10461.83,10681.57,2.64
2020-12-31,40.0,41.53,41.36,39.85,14324.09,1.35,3.37,40.398,40.965,42.724,10136.42,10445.53,10753.87,3.29
2020-12-30,40.3,40.3,40.01,39.41,8300.0,-0.01,-0.03,40.166,41.225,42.982,9181.33,10060.72,10523.92,1.91
2020-12-29,40.22,40.35,40.02,39.76,7919.0,-0.39,-0.96,40.424,41.545,43.304,9524.53,10056.82,10629.82,1.82
2020-12-28,40.3,41.12,40.41,39.6,10325.0,0.22,0.55,40.69,41.965,43.612,10542.04,10106.12,11007.34,2.37
2020-12-25,40.03,41.3,40.19,39.65,9814.0,-0.01,-0.03,41.032,42.297,43.847,10452.24,10302.72,11099.94,2.26
2020-12-24,41.03,41.5,40.2,40.02,9548.67,-1.1,-2.66,41.532,42.586,44.144,10754.64,10461.22,11527.84,2.2
2020-12-23,41.25,41.89,41.3,41.0,10016.0,-0.05,-0.12,42.284,43.027,44.412,10940.11,10472.55,11580.72,2.3
2020-12-22,41.9,42.86,41.35,41.25,13006.54,-0.77,-1.83,42.666,43.323,44.605,10589.11,10655.35,11806.64,2.99
2020-12-21,42.69,42.78,42.12,41.87,9876.0,-0.57,-1.33,43.24,43.732,44.858,9670.2,10398.8,11577.22,2.27
2020-12-18,43.92,43.99,42.69,42.54,11326.0,-1.27,-2.89,43.562,44.103,45.088,10153.2,10901.31,11739.42,2.6
2020-12-17,43.69,43.98,43.96,42.51,10476.0,0.75,1.74,43.64,44.483,45.324,10167.8,11062.21,11629.17,2.41
2020-12-16,44.22,44.28,43.21,43.0,8261.0,-1.01,-2.28,43.77,44.739,45.512,10005.0,10987.11,11584.62,1.9
2020-12-15,43.6,44.47,44.22,43.4,8412.0,0.49,1.12,43.98,45.063,45.727,10721.6,11202.81,11663.72,1.93
2020-12-14,43.2,43.84,43.73,42.0,12291.0,0.65,1.51,44.224,45.259,45.912,11127.4,11908.56,11748.97,2.83
2020-12-11,44.47,44.48,43.08,42.51,11399.0,-1.53,-3.43,44.644,45.396,46.157,11649.42,11897.16,11522.97,2.62
2020-12-10,44.28,45.22,44.61,43.72,9662.0,0.35,0.79,45.326,45.701,46.433,11956.62,12594.46,11539.37,2.22
2020-12-09,45.54,45.77,44.26,44.23,11844.0,-1.18,-2.6,45.708,45.796,46.667,11969.22,12688.88,11415.38,2.72
2020-12-08,45.8,46.27,45.44,45.01,10441.0,-0.39,-0.85,46.146,45.886,46.924,11684.02,12957.93,11589.43,2.4
2020-12-07,46.88,46.98,45.83,45.5,14901.09,-0.66,-1.42,46.294,45.984,47.197,12689.72,12755.63,11553.33,3.43
2020-12-04,46.75,47.5,46.49,46.33,12935.0,-0.03,-0.06,46.148,46.073,47.473,12144.9,12577.52,11427.93,2.97
2020-12-03,46.47,46.89,46.52,45.99,9725.0,0.07,0.15,46.076,46.164,47.695,13232.3,12196.12,11463.28,2.24
2020-12-02,46.49,46.88,46.45,45.91,10418.0,0.27,0.58,45.884,46.285,47.968,13408.54,12182.13,11587.04,2.39
2020-12-01,45.28,46.36,46.18,44.0,15469.5,1.08,2.4,45.626,46.391,48.226,14231.84,12124.63,11544.89,3.56
2020-11-30,45.86,45.86,45.1,45.0,12177.0,-1.03,-2.23,45.674,46.565,48.48,12821.54,11589.38,11360.42,2.8
2020-11-27,45.6,47.54,46.13,45.0,18372.0,0.57,1.25,45.998,46.918,48.799,13010.14,11148.79,11739.63,4.22
2020-11-26,45.56,45.97,45.56,44.9,10606.18,0.4,0.89,46.252,47.165,48.972,11159.94,10484.29,11877.83,2.44
2020-11-25,46.63,46.8,45.16,45.0,14534.53,-1.26,-2.71,46.686,47.537,49.261,10955.72,10141.88,13019.94,3.34
2020-11-24,47.1,47.2,46.42,46.32,8418.0,-0.3,-0.64,47.156,47.962,49.426,10017.42,10220.93,14101.65,1.94
2020-11-23,47.5,47.52,46.72,46.51,13120.0,-0.68,-1.44,47.456,48.41,49.5,10357.22,10351.03,15063.65,3.02
2020-11-20,47.55,47.88,47.4,47.0,9121.0,-0.33,-0.69,47.838,48.873,49.611,9287.44,10278.34,15790.78,2.1
2020-11-19,47.35,48.28,47.73,46.46,9585.09,0.22,0.46,48.078,49.226,49.741,9808.64,10730.44,16265.03,2.2
2020-11-18,48.35,48.6,47.51,46.88,9843.0,-0.41,-0.86,48.388,49.651,50.026,9328.04,10991.94,16519.48,2.26
2020-11-17,48.93,48.93,47.92,47.05,10117.0,-0.71,-1.46,48.768,50.06,50.344,10424.44,10965.14,16774.37,2.33
2020-11-16,49.0,49.15,48.63,48.36,7771.09,0.03,0.06,49.364,50.395,50.733,10344.84,11131.45,16873.7,1.79
2020-11-13,49.28,49.3,48.6,48.08,11727.0,-0.68,-1.38,49.908,50.679,51.096,11269.25,12330.46,17024.7,2.7
2020-11-12,49.6,49.88,49.28,49.03,7182.09,-0.13,-0.26,50.374,50.779,51.477,11652.25,13271.37,17215.52,1.65
2020-11-11,50.9,50.9,49.41,48.55,15325.0,-1.49,-2.93,50.914,50.984,51.898,12655.85,15898.01,17567.57,3.52
2020-11-10,51.59,51.59,50.9,50.27,9719.0,-0.45,-0.88,51.352,50.89,52.312,11505.85,17982.38,17981.97,2.23
2020-11-09,51.02,52.25,51.35,51.01,12393.17,0.42,0.82,51.426,50.59,52.819,11918.07,19776.28,18346.07,2.85
2020-11-06,51.64,52.88,50.93,50.52,13642.0,-1.05,-2.02,51.45,50.349,53.284,13391.67,21303.22,19002.51,3.14
2020-11-05,51.85,52.97,51.98,51.65,12200.09,0.38,0.74,51.184,50.256,53.525,14890.48,21799.62,18838.31,2.8
2020-11-04,51.24,52.4,51.6,51.01,9575.0,0.33,0.64,51.054,50.4,53.714,19140.16,22047.02,18457.21,2.2
2020-11-03,51.44,51.76,51.27,50.6,11780.09,-0.2,-0.39,50.428,50.627,53.914,24458.9,22583.6,18414.36,2.71
2020-11-02,50.04,51.89,51.47,49.99,19761.18,1.87,3.77,49.754,51.07,54.167,27634.48,22615.94,18230.71,4.54
2020-10-30,50.98,51.64,49.6,49.54,21136.04,-1.73,-3.37,49.248,51.513,54.517,29214.78,21718.93,17996.9,4.86
2020-10-29,48.02,51.66,51.33,48.01,33448.5,2.86,5.9,49.328,52.175,54.94,28708.77,21159.68,17496.45,7.69
2020-10-28,49.03,49.69,48.47,46.1,36168.68,0.57,1.19,49.746,52.812,55.259,24953.87,19237.13,16442.88,8.31
2020-10-27,49.3,49.5,47.9,47.48,27658.0,-1.04,-2.12,50.826,53.733,55.628,20708.3,17981.56,14884.84,6.36
2020-10-26,50.95,50.95,48.94,48.32,27662.66,-1.06,-2.12,52.386,55.047,56.054,17597.4,16915.86,13837.04,6.36
2020-10-23,53.45,53.95,50.0,49.91,18606.0,-3.42,-6.4,53.778,56.218,56.483,14223.09,16701.79,12942.21,4.28
2020-10-22,53.42,54.98,53.42,52.66,14674.0,-0.45,-0.83,55.022,56.793,56.874,13610.59,15877.0,12524.86,3.37
2020-10-21,55.6,56.0,53.87,53.43,14940.84,-1.83,-3.29,55.878,57.027,57.103,13520.39,14867.41,12282.26,3.43
2020-10-20,55.37,55.86,55.7,55.05,12103.5,-0.2,-0.36,56.64,57.2,57.335,15254.82,14245.13,11861.67,2.78
2020-10-19,56.47,56.86,55.9,55.62,10791.09,-0.32,-0.57,57.708,57.263,57.441,16234.32,13845.48,11596.74,2.48
2020-10-16,58.0,58.0,56.22,55.84,15543.5,-1.48,-2.56,58.658,57.521,57.569,19180.49,14274.87,11521.29,3.57
2020-10-15,58.18,58.63,57.7,56.66,14223.0,0.02,0.04,58.564,57.705,57.648,18143.4,13833.23,11314.86,3.27
2020-10-14,61.38,61.38,57.68,57.56,23613.0,-3.36,-5.5,58.176,57.705,57.806,16214.44,13648.63,11377.88,5.43
2020-10-13,60.98,61.7,61.04,59.28,17001.0,0.39,0.64,57.76,57.523,58.054,13235.44,11788.13,11010.41,3.91
2020-10-12,55.8,60.83,60.65,55.8,25521.93,4.9,8.79,56.818,57.061,58.117,11456.64,10758.23,12086.22,5.87
2020-10-09,56.0,56.5,55.75,55.01,10358.09,-0.01,-0.02,56.384,56.748,58.086,9369.25,9182.64,11685.53,2.38
2020-09-30,55.55,56.75,55.76,55.03,4578.18,0.16,0.29,56.846,56.955,58.197,9523.05,9172.73,12055.42,1.05
2020-09-29,56.83,56.83,55.6,55.3,8718.0,-0.73,-1.3,57.234,57.178,58.357,11082.82,9697.11,13426.94,2.0
2020-09-28,58.61,58.74,56.33,56.23,8107.0,-2.15,-3.68,57.286,57.47,58.407,10340.82,9478.21,13662.4,1.86
2020-09-25,58.13,60.49,58.48,57.69,15085.0,0.42,0.72,57.304,57.618,58.394,10059.82,9348.01,13925.8,3.47
2020-09-24,57.46,58.49,58.06,55.89,11127.09,0.36,0.62,57.112,57.617,58.281,8996.02,8767.71,14016.72,2.56
2020-09-23,56.55,59.22,57.7,55.9,12377.0,1.84,3.29,57.064,57.591,58.11,8822.4,8796.5,13998.9,2.85
2020-09-22,56.42,57.3,55.86,55.66,5008.0,-0.56,-0.99,57.122,57.906,57.87,8311.4,9107.14,13939.45,1.15
2020-09-21,57.42,57.52,56.42,56.13,6702.0,-1.1,-1.91,57.654,58.585,57.804,8615.6,10232.69,14262.69,1.54
2020-09-18,57.3,58.61,57.52,56.6,9766.0,-0.3,-0.52,57.932,59.173,57.743,8636.2,13414.22,14887.04,2.25
2020-09-17,58.1,59.13,57.82,57.5,10259.0,-0.17,-0.29,58.122,59.423,57.588,8539.4,14188.42,14758.77,2.36
2020-09-16,58.52,60.39,57.99,57.0,9822.0,-0.53,-0.91,58.118,59.438,57.4,8770.6,14938.12,14770.87,2.26
2020-09-15,57.81,58.8,58.52,57.0,6529.0,0.71,1.23,58.69,59.536,57.249,9902.88,17156.78,15072.09,1.5
2020-09-14,58.97,58.97,57.81,57.5,6805.0,-0.66,-1.13,59.516,59.344,57.148,11849.77,17846.59,15880.36,1.56
2020-09-11,57.59,58.7,58.47,56.8,9282.0,0.67,1.16,60.414,59.17,56.99,18192.24,18503.59,16628.28,2.13
2020-09-10,60.85,61.39,57.8,57.2,11415.0,-3.05,-5.01,60.724,58.944,56.701,19837.43,19265.73,17446.97,2.62
2020-09-09,61.8,62.9,60.85,58.81,15483.4,-1.8,-2.87,60.758,58.629,56.459,21105.63,19201.3,18097.54,3.56
2020-09-08,62.0,63.46,62.65,60.82,16263.47,0.35,0.56,60.382,57.833,56.158,24410.67,18771.76,18315.97,3.74
2020-09-07,61.77,64.6,62.3,59.2,38517.32,2.28,3.8,59.172,57.023,55.91,23843.4,18292.69,18174.24,8.85
2020-09-04,57.23,60.45,60.02,57.23,17507.98,2.05,3.54,57.926,56.313,55.741,18814.93,16359.86,17002.83,4.02
2020-09-03,58.93,60.56,57.97,57.97,17756.0,-1.0,-1.7,57.164,55.752,55.63,18694.03,15329.12,17378.88,4.08
2020-09-02,56.41,60.58,58.97,56.28,32008.6,2.37,4.19,56.5,55.361,55.715,17296.97,14603.62,17769.93,7.36
2020-09-01,56.07,56.62,56.6,55.01,13427.09,0.53,0.94,55.284,54.962,55.839,13132.85,12987.4,17307.1,3.09
2020-08-31,56.22,57.28,56.07,55.57,13375.0,-0.14,-0.25,54.874,54.951,56.059,12741.98,13914.14,17590.89,3.07
2020-08-28,54.16,57.02,56.21,53.89,16903.47,1.56,2.85,54.7,54.809,56.367,13904.78,14752.98,18217.59,3.89
2020-08-27,53.5,54.8,54.65,53.06,10770.68,1.76,3.33,54.34,54.458,56.672,11964.21,15628.2,18842.98,2.48
2020-08-26,54.06,54.7,52.89,52.65,11188.0,-1.66,-3.04,54.222,54.288,57.019,11910.28,16993.77,20714.39,2.57
2020-08-25,54.7,55.3,54.55,54.0,11472.75,-0.65,-1.18,54.64,54.483,57.625,12841.96,17860.17,21638.09,2.64
2020-08-24,54.54,55.44,55.2,53.63,19189.0,0.79,1.45,55.028,54.796,58.047,15086.31,18055.8,24084.77,4.41
2020-08-21,54.07,54.78,54.41,53.89,7200.63,0.35,0.65,54.918,55.168,58.597,15601.19,17645.8,25915.18,1.66
2020-08-20,54.56,55.67,54.06,53.99,10501.0,-0.92,-1.67,54.576,55.507,59.073,19292.19,19428.64,28095.9,2.41
2020-08-19,56.45,57.35,54.98,54.8,15846.4,-1.51,-2.67,54.354,56.069,59.77,22077.27,20936.24,30228.42,3.64
2020-08-18,54.77,57.6,56.49,54.2,22694.5,1.84,3.37,54.326,56.716,60.363,22878.39,21626.8,33101.25,5.22
2020-08-17,52.4,55.13,54.65,52.4,21763.4,1.95,3.7,54.564,57.167,60.719,21025.29,21267.65,34375.07,5.0
2020-08-14,53.21,53.21,52.7,50.83,25655.66,-0.25,-0.47,55.418,57.925,60.877,19690.41,21682.21,34982.49,5.9
2020-08-13,54.8,55.29,52.95,52.88,24426.4,-1.89,-3.45,56.438,58.885,60.921,19565.08,22057.75,34855.03,5.62
2020-08-12,57.95,57.95,54.84,53.5,19852.0,-2.84,-4.92,57.784,59.75,61.012,19795.2,24435.01,35705.84,4.56
2020-08-11,59.38,59.9,57.68,57.55,13429.0,-1.24,-2.1,59.106,60.766,61.265,20375.2,25416.01,37354.98,3.09
2020-08-10,57.79,59.22,58.92,56.92,15089.0,1.12,1.94,59.77,61.298,61.53,21510.0,30113.73,40915.49,3.47
2020-08-07,60.98,60.98,57.8,56.5,25029.0,-1.88,-3.15,60.432,62.026,61.446,23674.0,34184.57,42476.4,5.75
2020-08-06,61.02,61.84,59.68,58.82,25577.0,-1.77,-2.88,61.332,62.638,61.437,24550.42,36763.17,44238.54,5.88
2020-08-05,60.81,63.44,61.45,60.21,22752.0,0.45,0.74,61.716,63.47,61.166,29074.82,39520.6,44957.8,5.23
2020-08-04,62.25,62.35,61.0,60.48,19103.0,-1.23,-1.98,62.426,64.01,60.738,30456.82,44575.71,45596.33,4.39
2020-08-03,62.08,63.2,62.23,61.15,25909.0,-0.07,-0.11,62.826,64.27,60.398,38717.46,47482.48,46247.24,5.96
2020-07-31,61.2,62.9,62.3,59.0,29411.09,0.7,1.14,63.62,63.829,59.987,44695.14,48282.78,46091.01,6.76
2020-07-30,65.0,65.01,61.6,60.84,48198.99,-3.4,-5.23,63.944,62.956,59.587,48975.92,47652.31,45487.03,11.08
2020-07-29,64.0,65.78,65.0,62.22,29662.0,2.0,3.17,65.224,62.274,59.23,49966.37,46976.67,44473.93,6.82
2020-07-28,68.0,68.0,63.0,59.7,60406.23,-3.2,-4.83,65.594,61.763,58.73,58694.6,49293.96,44062.62,13.89
2020-07-27,64.82,69.61,66.2,64.61,55797.37,2.28,3.57,65.714,61.761,58.287,56247.51,51717.25,42169.34,12.83
2020-07-24,68.0,68.0,63.92,61.2,50815.0,-4.08,-6.0,64.038,60.866,57.726,51870.43,50768.22,40379.32,11.68
2020-07-23,69.05,69.1,68.0,65.5,53151.27,1.15,1.72,61.968,60.236,57.302,46328.71,51713.91,38944.85,12.22
2020-07-22,62.7,69.79,66.85,62.7,73303.15,3.25,5.11,59.324,58.861,56.739,43986.97,50395.0,37902.5,16.85
2020-07-21,57.9,63.6,63.6,57.9,48170.74,5.78,10.0,57.932,57.465,56.14,39893.31,46616.94,35487.06,11.07
2020-07-20,54.21,58.77,57.82,53.26,33911.98,4.25,7.93,57.808,56.526,55.71,47186.99,45011.99,34063.78,7.8
2020-07-17,54.0,55.41,53.57,53.0,23106.39,-1.21,-2.21,57.694,56.144,55.585,49666.02,43899.24,34276.71,5.31
2020-07-16,59.83,59.83,54.78,54.3,41442.61,-5.11,-8.53,58.504,56.217,55.821,57099.12,43321.74,34541.84,9.53
2020-07-15,61.68,64.3,59.89,59.66,52834.81,-3.09,-4.91,58.398,56.185,56.131,56803.03,41971.19,33535.12,12.15
2020-07-14,57.35,62.98,62.98,56.99,84639.14,5.73,10.01,56.998,55.696,56.152,53340.58,38831.29,32178.3,19.46
2020-07-13,58.5,58.9,57.25,55.58,46307.13,-0.37,-0.64,55.244,54.812,55.887,42837.0,32621.43,29246.56,10.65
2020-07-10,54.33,58.74,57.62,54.0,60271.9,3.37,6.21,54.594,54.585,55.939,38132.46,29990.42,28890.45,13.86
2020-07-09,52.63,55.35,54.25,52.63,39962.18,1.36,2.57,53.93,54.368,55.799,29544.37,26175.8,27805.79,9.19
2020-07-08,54.78,54.78,52.89,52.79,35522.56,-1.32,-2.44,53.972,54.617,55.712,27139.36,25410.01,26934.78,8.17
2020-07-07,54.86,54.95,54.21,53.85,32121.24,0.21,0.39,54.394,54.814,55.614,24322.0,24357.19,25856.35,7.38
2020-07-06,53.8,54.55,54.0,53.2,22784.41,-0.3,-0.55,54.38,54.893,55.448,22405.85,23115.56,24853.86,5.24
2020-07-03,54.3,54.54,54.3,53.01,17331.44,-0.16,-0.29,54.576,55.025,55.248,21848.39,24654.18,24156.99,3.98
2020-07-02,54.83,58.01,54.46,54.38,27937.13,-0.54,-0.98,54.806,55.425,55.044,22807.23,25761.94,24057.71,6.42
2020-07-01,54.2,55.44,55.0,53.53,21435.78,0.86,1.59,55.262,56.077,54.842,23680.65,25099.04,23221.21,4.93
2020-06-30,55.32,55.94,54.14,54.11,22540.5,-0.84,-1.53,55.234,56.608,54.621,24392.37,25525.3,23535.85,5.18
2020-06-29,55.0,55.76,54.98,53.68,19997.09,-0.47,-0.85,55.406,56.962,54.48,23825.27,25871.69,24428.25,4.71
2020-06-24,56.6,57.41,55.45,54.37,22125.63,-1.29,-2.27,55.474,57.292,54.169,27459.97,27790.48,24052.7,5.21
2020-06-23,53.85,57.6,56.74,52.55,32304.27,2.88,5.35,56.044,57.23,53.82,28716.66,29435.79,23729.92,7.61
2020-06-22,55.5,56.3,54.86,54.0,24994.36,-0.14,-0.26,56.892,56.806,53.417,26517.43,28459.56,23141.52,5.89
2020-06-19,56.05,56.05,55.0,54.51,19705.0,-0.32,-0.58,57.982,56.414,53.001,26658.23,27355.52,22357.65,4.64
2020-06-18,58.9,58.9,55.32,54.55,38170.59,-2.98,-5.11,58.518,56.002,52.539,27918.11,26592.15,21965.45,8.99
2020-06-17,60.4,62.18,58.3,58.03,28409.09,-2.68,-4.39,59.11,55.47,52.046,28121.0,23659.81,20733.77,6.69
2020-06-16,60.04,61.29,60.98,59.2,21308.09,0.67,1.11,58.416,54.663,51.462,30154.91,22353.48,19942.86,5.02
2020-06-15,57.2,61.2,60.31,57.2,25698.38,2.63,4.56,56.72,53.607,50.793,30401.69,21343.37,19466.8,6.05
2020-06-12,56.3,59.3,57.68,56.3,26004.39,-0.6,-1.03,54.846,52.634,50.189,28052.81,21546.41,18978.79,6.13
2020-06-11,54.66,60.0,58.28,53.87,39185.03,3.45,6.29,53.486,51.997,49.684,25266.19,22984.81,18146.72,9.23
2020-06-10,52.2,55.17,54.83,51.8,38578.65,2.33,4.44,51.83,51.045,49.155,19198.62,20314.91,16639.28,9.09
2020-06-09,50.45,53.29,52.5,49.86,22542.0,1.56,3.06,50.91,50.41,48.862,14552.05,18024.06,15373.57,5.31
2020-06-08,51.17,52.93,50.94,50.3,13953.97,0.06,0.12,50.494,50.028,48.63,12285.05,17823.48,14705.13,3.29
2020-06-05,50.01,51.45,50.88,49.88,12071.31,0.88,1.76,50.422,49.588,48.436,15040.01,17359.78,14580.48,2.84
2020-06-04,50.79,51.37,50.0,49.8,8847.15,-0.23,-0.46,50.508,49.075,48.342,20703.43,17338.75,14786.27,2.08
2020-06-03,50.49,50.87,50.23,50.0,15345.83,-0.19,-0.38,50.26,48.621,48.334,21431.2,17807.74,15322.25,3.62
2020-06-02,50.4,50.45,50.42,49.8,11207.0,-0.16,-0.32,49.91,48.261,48.191,21496.07,17532.24,15129.82,2.64
2020-06-01,51.47,52.49,50.58,50.03,27728.76,-0.73,-1.42,49.562,47.978,48.003,23361.9,17590.24,15133.53,6.53
2020-05-29,49.19,51.78,51.31,48.0,40388.4,2.55,5.23,48.754,47.743,47.798,19679.55,16411.16,14302.75,9.51
2020-05-28,48.8,49.49,48.76,47.38,12486.0,0.28,0.58,47.642,47.371,47.58,13974.07,13308.64,12749.08,2.94
2020-05-27,48.5,49.58,48.48,48.23,15670.18,-0.2,-0.41,46.982,47.265,47.526,14184.27,12963.66,12792.78,3.69
2020-05-26,46.61,49.3,48.68,46.61,20536.18,2.14,4.6,46.612,47.314,47.469,13568.41,12723.09,12642.47,4.84
2020-05-25,46.3,47.0,46.54,45.12,9317.0,0.79,1.73,46.394,47.232,47.475,11818.57,11586.78,12229.27,2.19
2020-05-22,46.0,46.46,45.75,45.05,11861.0,0.29,0.64,46.732,47.284,47.643,13142.77,11801.18,12517.06,2.79
2020-05-21,47.18,47.18,45.46,45.45,13537.0,-1.17,-2.51,47.1,47.609,47.891,12643.21,12233.78,12762.06,3.19
2020-05-20,47.01,47.89,46.63,45.51,12590.85,-0.96,-2.02,47.548,48.046,48.235,11743.04,12836.77,13754.74,2.97
2020-05-19,48.99,49.5,47.59,47.1,11787.0,-0.64,-1.33,48.016,48.12,48.31,11877.77,12727.39,13882.03,2.78
2020-05-18,47.96,49.85,48.23,46.0,15938.0,0.64,1.34,48.07,48.027,48.28,11354.99,12676.83,14012.83,3.75
2020-05-15,47.51,47.91,47.59,46.64,9363.18,-0.11,-0.23,47.836,47.852,48.193,10459.59,12194.33,13692.57,2.21
2020-05-14,48.14,48.88,47.7,47.67,9036.18,-1.27,-2.59,48.118,47.788,48.17,11824.35,12189.51,13678.66,2.13
2020-05-13,47.61,49.44,48.97,46.95,13264.5,1.11,2.32,48.544,47.786,48.147,13930.5,12621.89,13735.8,3.12
2020-05-12,47.25,47.95,47.86,46.8,9173.09,0.8,1.7,48.224,47.624,48.077,13577.02,12561.84,13727.78,2.16
2020-05-11,49.0,49.2,47.06,47.05,11461.0,-1.94,-3.96,47.984,47.717,48.083,13998.67,12871.77,14022.24,2.7
2020-05-08,49.99,50.15,49.0,48.19,16187.0,-0.83,-1.67,47.868,48.001,48.05,13929.07,13232.94,14516.72,3.81
2020-05-07,47.8,50.5,49.83,47.08,19566.9,2.46,5.19,47.458,48.173,47.887,12554.67,13290.34,14595.41,4.61
2020-05-06,46.42,47.89,47.37,45.0,11497.09,0.71,1.52,47.028,48.423,47.517,11313.29,14672.71,14305.62,2.71
2020-04-30,46.11,47.17,46.66,46.0,11281.35,0.18,0.39,47.024,48.499,47.328,11546.67,15036.66,14504.11,2.66
2020-04-29,46.33,46.99,46.48,45.6,11113.0,-0.47,-1.0,47.45,48.532,47.123,11744.87,15348.84,14393.86,2.62
2020-04-28,47.27,47.9,46.95,45.0,9315.0,-0.73,-1.53,48.134,48.533,46.923,12536.8,15190.81,14417.71,2.19
2020-04-27,47.35,48.88,47.68,46.64,13360.0,0.33,0.7,48.888,48.552,46.724,14026.02,15167.81,15066.27,3.15
2020-04-24,49.08,49.08,47.35,46.81,12664.0,-1.44,-2.95,49.818,48.507,46.54,18032.14,14849.71,15097.16,2.98
2020-04-23,50.26,50.87,48.79,48.6,12272.33,-1.11,-2.22,49.974,48.53,46.385,18526.64,14893.71,15134.39,2.89
2020-04-22,50.3,50.67,49.9,48.88,15072.68,-0.82,-1.62,49.614,48.448,46.114,18952.81,15172.71,15361.81,3.55
2020-04-21,50.56,51.59,50.72,49.52,16761.09,-1.61,-3.08,48.932,48.098,45.778,17844.81,15800.51,16125.22,3.95
2020-04-20,49.0,52.61,52.33,48.3,33390.58,4.2,8.73,48.216,47.601,45.345,16309.6,15900.47,16978.54,7.87
2020-04-17,46.98,48.4,48.13,46.12,15136.54,1.14,2.43,47.196,46.61,44.822,11667.28,13938.52,16522.18,3.57
2020-04-16,46.22,47.37,46.99,45.3,14403.18,0.5,1.08,47.086,46.157,44.397,11260.77,13971.57,16959.08,3.39
2020-04-15,47.14,47.68,46.49,46.12,9532.68,-0.65,-1.38,47.282,45.713,44.037,11392.61,13438.88,17823.62,2.25
2020-04-14,48.95,49.01,47.14,46.31,9085.0,-0.09,-0.19,47.264,45.312,43.612,13756.21,13644.62,18430.51,2.14
2020-04-13,46.5,47.63,47.23,45.37,10179.0,-0.35,-0.74,46.986,44.896,43.095,15491.34,14964.73,18758.27,2.4
2020-04-10,47.9,48.38,47.58,46.04,13104.0,-0.39,-0.81,46.024,44.573,42.67,16209.76,15344.6,18933.55,3.09
2020-04-09,46.58,48.06,47.97,45.6,15062.36,1.57,3.38,45.228,44.239,42.235,16682.36,15375.07,18776.25,3.55
2020-04-08,45.6,47.88,46.4,45.0,21350.68,0.65,1.42,44.144,43.779,41.858,15485.14,15550.9,18901.41,5.03
2020-04-07,42.44,45.93,45.75,42.44,17760.68,3.33,7.85,43.36,43.458,41.559,13533.03,16449.93,19145.58,4.18
2020-04-03,42.91,43.33,42.42,41.73,13771.09,-1.18,-2.71,42.806,43.088,41.289,14438.11,18056.61,19394.01,3.24
2020-04-02,42.02,43.85,43.6,41.35,15467.0,1.05,2.47,43.122,43.033,41.277,14479.44,19105.83,19871.75,3.64
2020-04-01,42.29,42.99,42.55,41.86,9076.27,0.07,0.17,43.25,42.636,41.102,14067.78,19946.6,20229.16,2.14
2020-03-31,43.0,43.22,42.48,41.84,11590.09,-0.5,-1.16,43.414,42.36,40.877,15616.66,22208.37,20479.39,2.73
2020-03-30,43.82,43.82,42.98,41.0,22286.09,-1.02,-2.32,43.556,41.912,40.693,19366.83,23216.41,21222.29,5.25
2020-03-27,44.41,44.9,44.0,43.42,13977.76,-0.24,-0.54,43.37,41.294,40.426,21675.11,22551.81,21445.69,3.29
2020-03-26,43.02,44.33,44.24,42.85,13408.67,0.87,2.01,42.944,40.766,40.133,23732.22,22522.5,21827.37,3.16
2020-03-25,43.84,43.87,43.37,42.54,16820.69,0.18,0.42,42.022,40.23,40.004,25825.42,22177.44,21882.25,3.96
2020-03-24,42.6,43.31,43.19,41.52,30340.94,1.14,2.71,41.306,39.936,39.926,28800.08,22251.92,22092.96,7.15
2020-03-23,40.02,42.89,42.05,40.01,33827.49,0.18,0.43,40.268,39.66,39.996,27065.98,21841.24,21538.73,7.97
2020-03-20,39.66,42.2,41.87,39.66,24263.3,2.24,5.65,39.218,39.49,40.177,23428.52,20731.41,21570.17,5.72
2020-03-19,40.11,40.11,39.63,38.38,23874.66,-0.16,-0.4,38.588,39.521,40.25,21312.79,20637.67,21748.3,5.62
2020-03-18,38.0,41.0,39.79,38.0,31694.0,1.79,4.71,38.438,39.568,40.237,18529.45,20511.71,21439.43,7.47
2020-03-17,37.54,38.08,38.0,34.58,21670.46,1.2,3.26,38.566,39.393,40.22,15703.76,18750.41,21165.78,5.1
2020-03-16,38.86,39.87,36.8,36.28,15640.16,-1.92,-4.96,39.052,39.473,40.2,16616.49,19228.18,20972.6,3.68
2020-03-13,35.6,39.3,38.72,35.5,13684.65,-0.16,-0.41,39.762,39.557,40.249,18034.29,20339.56,21238.02,3.22
2020-03-12,40.07,40.07,38.88,38.58,9958.0,-1.55,-3.83,40.454,39.5,40.121,19962.55,21132.24,21232.31,2.35
2020-03-11,40.15,41.43,40.43,40.11,17565.55,0.0,0.0,40.698,39.778,39.957,22493.97,21587.07,21741.62,4.14
2020-03-10,39.5,40.46,40.43,37.51,26234.09,0.08,0.2,40.22,39.915,39.776,21797.06,21933.99,21612.82,6.18
2020-03-09,41.5,42.83,40.35,39.01,22729.18,-1.83,-4.34,39.894,40.332,39.599,21839.86,21236.23,21316.58,5.35
2020-03-06,39.93,43.07,42.18,39.34,23325.95,2.08,5.19,39.352,40.864,39.359,22644.83,22408.93,21046.25,5.49
2020-03-05,38.08,40.15,40.1,38.08,22615.1,2.06,5.42,38.546,40.978,39.052,22301.92,22858.92,21352.19,5.33
2020-03-04,38.05,38.48,38.04,37.45,14081.0,-0.76,-1.96,38.858,40.906,38.909,20680.17,22367.15,21565.87,3.32
2020-03-03,38.02,39.8,38.8,37.7,26448.09,1.16,3.08,39.61,41.047,38.865,22070.92,23581.15,22381.38,6.23
2020-03-02,38.71,38.71,37.64,37.51,26754.0,-0.51,-1.34,40.77,40.927,38.657,20632.59,22717.02,22719.42,6.3
2020-02-28,39.0,39.99,38.15,37.49,21611.4,-3.51,-8.43,42.376,40.94,38.35,22173.04,22136.48,22960.43,5.09
2020-02-27,41.79,43.29,41.66,40.71,14506.34,-0.14,-0.34,43.41,40.741,38.193,23415.92,21332.38,23516.34,3.42
2020-02-26,44.2,44.4,41.8,41.55,21034.79,-2.8,-6.28,42.954,40.135,37.993,24054.13,21896.18,23659.54,4.96
2020-02-25,44.0,45.55,44.6,43.3,19256.43,-1.07,-2.34,42.484,39.636,37.803,25091.37,21291.64,23772.39,4.54
2020-02-24,44.09,45.67,45.67,43.3,34456.22,2.35,5.42,41.084,38.866,37.536,24801.46,21396.93,24350.67,8.12
2020-02-21,39.44,43.32,43.32,39.44,27825.83,3.94,10.01,39.504,37.854,37.121,22099.93,19683.56,23921.61,6.55
2020-02-20,39.9,39.9,39.38,38.76,17697.37,-0.07,-0.18,38.072,37.126,36.756,19248.84,19845.46,23790.62,4.17
2020-02-19,37.55,39.79,39.45,37.22,26221.01,1.85,4.92,37.316,36.912,36.585,19738.22,20764.59,24080.12,6.18
2020-02-18,37.59,39.0,37.6,36.89,17806.85,-0.17,-0.45,36.788,36.682,36.392,17491.91,21181.61,24703.17,4.19
2020-02-17,36.17,38.06,37.77,36.17,20948.57,1.61,4.45,36.648,36.387,36.214,17992.4,22721.81,25090.43,4.93
2020-02-14,35.0,36.28,36.16,35.0,13570.4,0.56,1.57,36.204,35.76,35.931,17267.2,23784.39,24776.21,3.2
2020-02-13,37.05,37.05,35.6,35.6,20144.28,-1.21,-3.29,36.18,35.644,35.709,20442.09,25700.29,25146.39,4.75
2020-02-12,36.89,37.28,36.81,36.3,14989.43,-0.09,-0.24,36.508,35.85,35.453,21790.96,25422.9,24750.78,3.53
2020-02-11,35.51,37.28,36.9,35.11,20309.31,1.35,3.8,36.576,35.969,35.129,24871.31,26253.15,24503.21,4.78
2020-02-10,35.88,35.88,35.55,34.87,17322.56,-0.49,-1.36,36.126,36.206,34.777,27451.22,27304.41,23936.1,4.08
2020-02-07,37.0,37.0,36.04,35.53,29444.86,-1.2,-3.22,35.316,36.387,34.497,30301.58,28159.66,23367.27,6.94
2020-02-06,37.15,38.15,37.24,36.65,26888.63,0.09,0.24,35.108,36.386,34.194,30958.49,27735.77,22390.38,6.33
2020-02-05,34.55,37.46,37.15,34.5,30391.17,2.5,7.21,35.192,36.258,33.828,29054.85,27395.64,21545.92,7.16
2020-02-04,31.48,34.65,34.65,31.48,33208.9,3.15,10.0,35.362,36.101,33.437,27634.99,28224.72,20386.41,7.82
2020-02-03,31.5,33.8,31.5,31.5,31574.33,-3.5,-10.0,36.286,36.04,33.157,27157.59,27459.05,19001.71,7.44
2020-01-23,37.66,37.69,35.0,34.37,32729.43,-2.66,-7.06,37.458,36.102,33.049,26017.75,25768.03,17722.05,7.71
2020-01-22,37.8,38.37,37.66,37.02,17370.42,-0.34,-0.9,37.664,35.774,32.761,24513.04,24592.5,16349.68,4.09
2020-01-21,38.7,39.8,38.0,38.0,23291.87,-1.27,-3.23,37.324,35.055,32.344,25736.44,24078.65,15746.26,5.49
2020-01-20,38.0,39.39,39.27,36.0,30821.88,1.91,5.11,36.84,34.288,31.894,28814.46,22753.26,14859.57,7.26
2020-01-17,36.43,37.43,37.36,35.67,25875.14,1.33,3.69,35.794,33.348,31.415,27760.51,20567.8,13531.92,6.1
2020-01-16,36.29,36.77,36.03,35.62,25205.91,0.07,0.2,34.746,32.607,31.048,25518.31,18574.88,12563.77,5.94
2020-01-15,35.53,36.31,35.96,34.81,23487.39,0.38,1.07,33.884,32.001,30.747,24671.95,17045.0,11753.47,5.53
2020-01-14,33.83,36.45,35.58,33.78,38681.97,1.54,4.52,32.786,31.397,30.449,22420.87,15696.19,11197.33,9.11
2020-01-13,32.25,34.21,34.04,32.01,25552.14,1.92,5.98,31.736,30.772,30.194,16692.07,12548.09,9652.9,6.02
2020-01-10,31.7,32.41,32.12,31.42,14664.15,0.4,1.26,30.902,30.273,30.014,13375.09,10544.38,8874.38,3.45
2020-01-09,30.62,31.8,31.72,30.48,20974.1,1.25,4.1,30.468,29.995,29.912,11631.46,9676.08,8710.32,4.94
2020-01-08,30.2,30.67,30.47,30.06,12231.97,0.14,0.46,30.118,29.748,29.837,9418.05,8106.87,8190.91,2.88
2020-01-07,30.0,30.4,30.33,29.85,10037.97,0.46,1.54,30.008,29.632,29.791,8971.51,7413.87,8012.61,2.36
2020-01-06,29.81,30.22,29.87,29.69,8967.24,-0.08,-0.27,29.808,29.499,29.764,8404.11,6965.88,8398.21,2.11
2020-01-03,30.06,30.15,29.95,29.81,5946.0,-0.02,-0.07,29.644,29.482,29.72,7713.67,6496.05,8279.55,1.4
2020-01-02,29.93,30.2,29.97,29.73,9907.08,0.05,0.17,29.522,29.489,29.671,7720.7,6552.65,8459.35,2.33
2019-12-31,29.19,29.99,29.92,29.19,9999.25,0.59,2.01,29.378,29.492,29.591,6795.69,6461.94,8238.49,2.36
2019-12-30,29.08,29.38,29.33,28.6,7201.0,0.28,0.96,29.256,29.5,29.518,5856.24,6698.48,8087.46,1.69
2019-12-27,29.4,29.6,29.05,29.0,5515.0,-0.29,-0.99,29.19,29.615,29.486,5527.64,6757.71,8098.51,1.3
2019-12-26,29.34,29.43,29.34,29.16,5981.18,0.09,0.31,29.32,29.754,29.447,5278.44,7204.38,8195.81,1.4
2019-12-25,29.32,29.45,29.25,29.02,5282.0,-0.06,-0.2,29.456,29.829,29.416,5384.59,7744.57,8314.5,1.24
2019-12-24,29.03,29.6,29.31,29.03,5302.0,0.31,1.07,29.606,29.925,29.361,6128.19,8274.94,8273.65,1.25
2019-12-23,29.74,29.74,29.0,29.0,5558.0,-0.7,-2.36,29.744,29.949,29.31,7540.73,8611.34,8263.8,1.31
2019-12-20,30.08,30.11,29.7,29.58,4269.0,-0.32,-1.07,30.04,30.028,29.281,7987.78,9830.54,8379.35,1.0
2019-12-19,29.99,30.1,30.02,29.68,6511.97,0.02,0.07,30.188,29.957,29.226,9130.31,10063.04,8959.09,1.53
2019-12-18,30.0,30.22,30.0,29.88,9000.0,0.0,0.0,30.202,29.853,29.164,10104.54,10366.05,9283.19,2.11
2019-12-17,30.49,30.6,30.0,29.85,12364.66,-0.48,-1.57,30.244,29.689,29.106,10421.69,10015.05,10493.46,2.9
2019-12-16,30.52,30.9,30.48,30.25,7793.26,0.04,0.13,30.154,29.535,28.989,9681.96,9476.45,10600.36,1.83
2019-12-13,30.25,30.62,30.44,29.99,9981.68,0.35,1.16,30.016,29.357,28.813,11673.31,9439.32,10604.5,2.34
2019-12-12,30.15,30.52,30.09,29.95,11383.09,-0.12,-0.4,29.726,29.139,28.636,10995.77,9187.25,10456.62,2.67
2019-12-11,29.56,30.4,30.21,29.33,10585.78,0.66,2.23,29.504,29.003,28.489,10627.56,8884.44,10520.32,2.49
2019-12-10,29.98,29.98,29.55,29.41,8666.0,-0.24,-0.81,29.134,28.797,28.291,9608.4,8272.37,10283.78,2.04
2019-12-09,28.99,30.25,29.79,28.61,17750.0,0.8,2.76,28.916,28.67,28.139,9270.93,7916.27,10109.1,4.17
2019-12-06,28.95,29.0,28.99,28.73,6594.0,0.01,0.04,28.698,28.534,27.974,7205.33,6928.17,9745.77,1.55
2019-12-05,28.3,29.01,28.98,28.3,9542.0,0.62,2.19,28.552,28.494,27.891,7378.73,7855.14,9964.08,2.24
2019-12-04,28.45,28.65,28.36,28.27,5490.0,-0.1,-0.35,28.502,28.474,27.797,7141.33,8200.34,9882.03,1.29
2019-12-03,28.69,28.69,28.46,28.37,6978.65,-0.24,-0.84,28.46,28.522,27.723,6936.33,10971.88,9936.73,1.64
2019-12-02,28.2,28.85,28.7,28.2,7422.0,0.44,1.56,28.424,28.443,27.659,6561.6,11724.28,9948.3,1.74
2019-11-29,28.32,28.95,28.26,28.16,7461.0,-0.47,-1.64,28.37,28.269,27.587,6651.0,11769.68,9954.0,1.75
2019-11-28,28.15,28.8,28.73,28.05,8355.0,0.58,2.06,28.436,28.132,27.527,8331.55,11725.98,9978.95,1.96
2019-11-27,28.06,28.73,28.15,28.06,4465.0,-0.13,-0.46,28.446,27.974,27.432,9259.35,12156.19,10167.52,1.05
2019-11-26,28.33,28.55,28.28,28.26,5105.0,-0.15,-0.53,28.584,27.785,27.403,15007.43,12295.19,10492.11,1.2
2019-11-25,28.31,28.63,28.43,28.09,7869.0,-0.16,-0.56,28.462,27.607,27.416,16886.96,12301.94,10637.97,1.85
2019-11-22,28.61,29.46,28.59,28.27,15863.73,-0.19,-0.66,28.168,27.414,27.43,16888.36,12563.38,10725.07,3.73
2019-11-21,28.5,28.98,28.78,28.26,12994.0,-0.06,-0.21,27.828,27.287,27.432,15120.42,12073.02,10452.69,3.05
2019-11-20,27.55,29.2,28.84,27.34,33205.43,1.17,4.23,27.502,27.119,27.461,15053.03,11563.72,10228.97,7.8
2019-11-19,26.87,27.77,27.67,26.83,14502.65,0.71,2.63,26.986,26.924,27.525,9582.95,8901.58,8804.27,3.41
2019-11-18,26.77,27.15,26.96,26.73,7876.0,0.07,0.26,26.752,26.874,27.64,7716.92,8172.31,8292.69,1.85
2019-11-15,27.18,27.2,26.89,26.67,7024.0,-0.26,-0.96,26.66,26.904,27.772,8238.4,8138.31,8212.14,1.65
2019-11-14,26.26,27.25,27.15,26.18,12657.09,0.89,3.39,26.746,26.922,27.94,9025.62,8231.92,8110.23,2.97
2019-11-13,26.5,26.5,26.26,26.15,5855.0,-0.24,-0.91,26.736,26.889,28.117,8074.4,8178.86,7680.07,1.38
2019-11-12,26.61,26.69,26.5,26.21,5172.5,0.0,0.0,26.862,27.021,28.349,8220.2,8689.03,7625.53,1.21
2019-11-11,27.15,27.18,26.5,26.12,10483.43,-0.82,-3.0,26.996,27.225,28.592,8627.7,8974.0,7595.06,2.46
2019-11-08,27.12,27.48,27.32,27.04,10960.09,0.22,0.81,27.148,27.445,28.865,8038.22,8886.76,7333.8,2.57
2019-11-07,26.96,27.19,27.1,26.81,7901.0,0.21,0.78,27.098,27.576,29.083,7438.22,8832.35,6978.47,1.86
2019-11-06,27.22,27.29,26.89,26.82,6584.0,-0.28,-1.03,27.042,27.803,29.316,8283.31,8894.22,6803.9,1.55
2019-11-05,27.43,27.43,27.17,26.83,7210.0,-0.09,-0.33,27.18,28.126,29.541,9157.85,8706.95,6663.25,1.69
2019-11-04,27.16,27.34,27.26,27.12,7536.0,0.19,0.7,27.454,28.405,29.737,9320.29,8413.07,6529.25,1.77
2019-11-01,26.8,27.1,27.07,26.7,7960.09,0.25,0.93,27.742,28.64,29.942,9735.3,8285.98,6368.14,1.87
2019-10-31,27.69,27.75,26.82,26.75,12126.48,-0.76,-2.76,28.054,28.957,30.157,10226.49,7988.54,6206.56,2.85
2019-10-30,28.6,28.6,27.58,27.55,10956.68,-0.96,-3.36,28.564,29.344,30.362,9505.12,7181.28,6039.19,2.57
2019-10-29,28.66,28.93,28.54,28.51,8022.18,-0.16,-0.56,29.072,29.676,30.572,8256.06,6562.03,5983.58,1.88
2019-10-28,28.55,28.75,28.7,28.45,9611.09,0.07,0.24,29.356,29.959,30.785,7505.85,6216.12,5979.97,2.26
2019-10-25,28.12,28.78,28.63,28.09,10416.0,-0.74,-2.52,29.538,30.284,31.006,6836.65,5780.84,5838.2,2.45
2019-10-24,30.13,30.43,29.37,29.28,8519.63,-0.75,-2.49,29.86,30.59,31.224,5750.58,5124.59,5785.4,2.0
2019-10-23,29.99,30.7,30.12,29.67,4711.39,0.16,0.53,30.124,30.828,31.418,4857.43,4713.59,5958.06,1.11
2019-10-22,29.5,29.97,29.96,29.5,4271.13,0.35,1.18,30.28,30.955,31.531,4867.99,4619.54,6016.59,1.9
2019-10-21,30.23,30.23,29.61,29.46,6265.09,-0.63,-2.08,30.562,31.068,31.643,4926.38,4645.43,6199.39,2.78
2019-10-18,30.68,30.89,30.24,30.14,4985.68,-0.45,-1.47,31.03,31.243,31.804,4725.03,4450.3,6314.45,2.22
2019-10-17,30.94,31.22,30.69,30.6,4053.88,-0.21,-0.68,31.32,31.357,31.953,4498.6,4424.59,6631.82,1.8
2019-10-16,31.36,31.52,30.9,30.83,4764.18,-0.47,-1.5,31.532,31.38,32.05,4569.74,4897.1,6837.56,2.12
2019-10-15,31.75,31.99,31.37,31.21,4563.09,-0.58,-1.81,31.63,31.467,32.156,4371.08,5405.14,7280.14,2.03
2019-10-14,31.71,32.18,31.95,31.6,5258.33,0.26,0.82,31.574,31.61,32.226,4364.47,5743.83,7673.29,2.34
2019-10-11,31.77,31.91,31.69,31.51,3853.54,-0.06,-0.19,31.456,31.728,32.232,4175.56,5895.56,7767.74,1.71
2019-10-10,31.39,31.84,31.75,31.27,4409.58,0.36,1.15,31.394,31.857,32.246,4350.57,6446.21,8038.1,1.96
2019-10-09,31.0,31.4,31.39,30.6,3770.87,0.3,0.96,31.228,32.007,32.24,5224.45,7202.54,8108.31,1.68
2019-10-08,31.0,31.59,31.09,30.88,4530.02,-0.27,-0.86,31.304,32.106,32.253,6439.21,7413.65,8235.18,2.01
2019-09-30,31.23,31.8,31.36,31.11,4313.79,-0.02,-0.06,31.646,32.217,32.265,7123.19,7753.35,8316.99,1.92
2019-09-27,31.17,31.72,31.38,30.76,4728.57,0.46,1.49,32.0,32.365,32.238,7615.56,8178.61,8476.46,2.1
2019-09-26,31.83,32.07,30.92,30.76,8779.0,-0.85,-2.67,32.32,32.549,32.258,8541.86,8839.05,8632.28,3.9
2019-09-25,32.52,32.75,31.77,31.76,9844.65,-1.03,-3.14,32.786,32.719,32.333,9180.63,8778.02,8771.58,4.38
2019-09-24,33.25,33.25,32.8,32.71,7949.95,-0.33,-1.0,32.908,32.845,32.34,8388.1,9155.13,8816.85,3.53
2019-09-23,32.97,33.13,33.13,32.37,6775.62,0.15,0.46,32.788,32.842,32.274,8383.51,9602.75,8903.12,3.01
2019-09-20,33.25,33.86,32.98,32.92,9360.09,-0.27,-0.81,32.73,32.735,32.22,8741.65,9639.92,9002.9,4.16
2019-09-19,32.39,33.32,33.25,32.26,11972.83,0.87,2.69,32.778,32.635,32.162,9136.23,9629.98,8725.29,5.32
2019-09-18,32.22,32.66,32.38,32.18,5882.0,0.18,0.56,32.652,32.472,32.091,8375.41,9014.08,8436.04,2.61
2019-09-17,32.84,32.84,32.2,31.95,7927.0,-0.64,-1.95,32.782,32.4,32.085,9922.16,9056.7,8631.8,3.52
2019-09-16,33.45,33.45,32.84,32.7,8566.35,-0.38,-1.14,32.896,32.312,32.065,10822.0,8880.63,8638.1,3.81
2019-09-12,32.6,33.32,33.22,32.48,11332.97,0.6,1.84,32.74,32.111,31.983,10538.18,8774.32,8708.2,5.04
2019-09-11,33.09,33.3,32.62,32.62,8168.72,-0.41,-1.24,32.492,31.966,31.909,10123.72,8425.52,8900.88,3.63
2019-09-10,32.78,33.32,33.03,32.25,13615.75,0.26,0.79,32.292,31.946,31.799,9652.76,8765.14,8795.4,6.05
2019-09-09,32.21,32.8,32.77,32.11,12426.21,0.71,2.21,32.018,31.835,31.655,8191.24,8478.58,8337.01,5.52
2019-09-06,32.0,32.13,32.06,31.69,7147.26,0.08,0.25,31.728,31.706,31.507,6939.26,8203.49,7858.46,3.18
2019-09-05,31.87,32.37,31.98,31.72,9260.68,0.36,1.14,31.482,31.704,31.384,7010.46,8365.88,7726.06,4.12
2019-09-04,31.66,31.93,31.62,31.4,5813.89,-0.04,-0.13,31.44,31.688,31.29,6727.32,7820.61,7464.67,2.58
2019-09-03,31.4,31.7,31.66,31.21,6308.18,0.34,1.09,31.6,31.71,31.206,7877.53,7858.0,7333.27,2.8
2019-09-02,30.83,31.33,31.32,30.6,6166.31,0.49,1.59,31.652,31.77,31.116,8765.91,8206.89,7340.16,2.74
2019-08-30,31.77,32.07,30.83,30.68,7503.25,-0.94,-2.96,31.684,31.818,31.094,9467.72,8395.56,7223.41,3.33
2019-08-29,32.2,32.48,31.77,31.76,7844.95,-0.65,-2.0,31.926,31.855,31.101,9721.29,8642.09,7221.75,3.49
2019-08-28,31.74,32.66,32.42,31.6,11564.94,0.5,1.57,31.936,31.851,31.106,8913.9,9376.24,6972.3,5.14
2019-08-27,31.47,32.99,31.92,31.45,10750.09,0.44,1.4,31.82,31.651,31.083,7838.47,8825.65,6516.36,4.78
2019-08-26,30.8,31.76,31.48,30.0,9675.39,-0.56,-1.75,31.888,31.475,31.093,7647.87,8195.45,6145.61,4.3
2019-08-23,31.9,32.4,32.04,31.72,8771.09,0.22,0.69,31.952,31.307,31.114,7323.4,7513.43,5811.94,3.9
2019-08-22,31.9,32.0,31.82,31.62,3808.0,-0.02,-0.06,31.784,31.063,31.107,7562.88,7086.24,5542.98,1.69
2019-08-21,32.12,32.2,31.84,31.76,6187.78,-0.42,-1.3,31.766,30.891,31.12,9838.57,7108.74,5538.36,2.75
2019-08-20,31.82,32.39,32.26,31.6,9797.11,0.46,1.45,31.482,30.702,31.137,9812.84,6808.54,5413.74,4.35
2019-08-19,31.3,31.85,31.8,31.19,8053.02,0.6,1.92,31.062,30.462,31.128,8743.03,6473.42,5218.91,3.58
2019-08-16,31.53,31.79,31.2,31.03,9968.49,-0.53,-1.67,30.662,30.369,31.116,7703.46,6051.26,5173.8,4.43
2019-08-15,29.8,32.77,31.73,29.75,15186.47,1.31,4.31,30.342,30.347,31.197,6609.6,5801.41,4878.73,6.75
2019-08-14,30.33,30.76,30.42,30.16,6059.09,0.26,0.86,30.016,30.361,31.255,4378.9,4568.37,4362.67,2.69
2019-08-13,29.8,30.33,30.16,29.7,4448.09,0.36,1.21,29.922,30.515,31.414,3804.25,4207.07,4295.97,1.98
2019-08-12,29.39,29.89,29.8,29.39,2855.18,0.2,0.68,29.862,30.711,31.595,4203.81,4095.76,4399.92,1.27
2019-08-09,30.5,30.5,29.6,29.43,4499.18,-0.5,-1.66,30.076,30.92,31.778,4399.06,4110.44,4577.32,2.0
2019-08-08,29.85,30.33,30.1,29.85,4032.94,0.15,0.5,30.352,31.15,31.972,4993.22,3999.72,4603.51,1.79
2019-08-07,29.99,30.14,29.95,29.8,3185.87,0.09,0.3,30.706,31.348,32.122,4757.84,3967.99,4602.98,1.42
2019-08-06,30.08,30.25,29.86,29.41,6445.9,-1.01,-3.27,31.108,31.571,32.265,4609.88,4018.95,4644.05,2.86
2019-08-05,31.1,31.26,30.87,30.78,3831.4,-0.11,-0.35,31.56,31.794,32.423,3987.7,3964.39,4597.32,1.7
2019-08-02,31.6,31.6,30.98,30.75,7470.0,-0.89,-2.79,31.764,31.863,32.545,3821.82,4296.35,4941.6,3.32
2019-08-01,31.81,31.96,31.87,31.53,2856.01,-0.09,-0.28,31.948,32.047,32.735,3006.22,3956.05,5094.57,1.27
2019-07-31,32.31,32.31,31.96,31.91,2446.09,-0.16,-0.5,31.99,32.149,32.84,3178.15,4156.97,5209.52,1.09
2019-07-30,31.89,32.26,32.12,31.89,3335.0,0.23,0.72,32.034,32.313,32.955,3428.01,4384.87,5420.17,1.48
2019-07-29,31.89,32.07,31.89,31.8,3002.0,-0.01,-0.03,32.028,32.478,33.082,3941.08,4704.08,5763.49,1.33
2019-07-26,32.18,32.18,31.9,31.85,3392.02,-0.18,-0.56,31.962,32.636,33.203,4770.88,5044.19,6105.74,1.51
2019-07-25,32.18,32.4,32.08,31.93,3715.65,-0.1,-0.31,32.146,32.794,33.282,4905.87,5207.3,6263.69,1.65
2019-07-24,31.9,32.43,32.18,31.9,3695.38,0.09,0.28,32.308,32.896,33.38,5135.78,5237.96,6505.21,1.64
2019-07-23,31.87,32.1,32.09,31.3,5900.33,0.53,1.68,32.592,32.959,33.476,5341.74,5269.15,6577.59,2.62
2019-07-22,32.85,33.0,31.56,31.52,7151.0,-1.26,-3.84,32.928,33.051,33.561,5467.09,5230.26,6650.23,3.18
2019-07-19,32.99,33.25,32.82,32.77,4067.0,-0.07,-0.21,33.31,33.226,33.701,5317.51,5586.86,6777.36,1.81
2019-07-18,33.45,33.59,32.89,32.8,4865.18,-0.71,-2.11,33.442,33.422,33.808,5508.73,6233.09,7404.62,2.16
2019-07-17,33.81,33.9,33.6,33.45,4725.18,-0.17,-0.5,33.484,33.531,33.871,5340.13,6262.08,7750.26,2.1
2019-07-16,33.44,33.94,33.77,33.28,6527.09,0.3,0.9,33.326,33.596,33.91,5196.55,6455.46,8234.52,2.9
2019-07-15,33.47,33.59,33.47,32.8,6403.09,-0.01,-0.03,33.174,33.686,33.906,4993.42,6822.89,8421.91,2.85
2019-07-12,33.11,33.7,33.48,32.98,5023.09,0.38,1.15,33.142,33.769,33.87,5856.21,7167.28,8284.94,2.23
2019-07-11,32.8,33.24,33.1,32.8,4022.22,0.29,0.88,33.402,33.769,33.814,6957.46,7320.08,8319.23,1.79
2019-07-10,33.18,33.19,32.81,32.6,4007.27,-0.2,-0.61,33.578,33.864,33.829,7184.02,7772.47,8354.78,1.78
2019-07-09,33.13,33.59,33.01,32.8,5511.45,-0.3,-0.9,33.866,33.992,33.867,7714.36,7886.04,8426.17,2.45
2019-07-08,34.66,34.66,33.31,33.31,10717.0,-1.47,-4.23,34.198,34.071,33.905,8652.35,8070.19,8533.64,4.76
2019-07-05,34.26,34.78,34.78,33.93,10529.36,0.8,2.35,34.396,34.176,33.88,8478.35,7967.87,8243.5,4.68
2019-07-04,34.31,34.5,33.98,33.9,5155.0,-0.27,-0.79,34.136,34.194,33.746,7682.7,8576.15,8169.89,2.29
2019-07-03,34.41,34.6,34.25,34.06,6659.0,-0.42,-1.21,34.15,34.211,33.717,8360.91,9238.45,8357.78,2.96
2019-07-02,34.18,34.69,34.67,34.11,10201.39,0.37,1.08,34.118,34.223,33.722,8057.71,10013.58,8395.04,4.53
2019-07-01,33.88,34.36,34.3,33.72,9847.0,0.82,2.45,33.944,34.125,33.719,7488.04,10020.93,8502.49,4.38
2019-06-28,34.05,34.05,33.48,33.12,6551.09,-0.57,-1.67,33.956,33.97,33.794,7457.39,9402.6,9186.38,2.91
2019-06-27,33.91,34.48,34.05,33.91,8546.09,-0.04,-0.12,34.252,33.858,33.859,9469.61,9318.39,9398.94,3.8
2019-06-26,33.8,34.15,34.09,33.5,5143.0,0.29,0.86,34.272,33.793,33.85,10115.99,8937.1,9326.39,2.29
2019-06-25,34.37,34.59,33.8,33.46,7353.0,-0.56,-1.63,34.328,33.742,33.817,11969.45,8966.3,9339.34,3.27
2019-06-24,34.7,35.03,34.36,34.3,9693.77,-0.6,-1.72,34.306,33.739,33.808,12553.83,8997.08,9249.3,4.31
2019-06-21,33.71,35.77,34.96,33.71,16612.18,0.81,2.37,33.984,33.584,33.738,11347.8,8519.13,8990.85,7.38
2019-06-20,34.59,34.59,34.15,33.71,11778.0,-0.22,-0.64,33.464,33.298,33.616,9167.17,7763.62,8483.97,5.23
2019-06-19,34.11,34.63,34.37,34.11,14410.31,0.68,2.02,33.314,33.223,33.578,7758.21,7477.12,8117.67,6.4
2019-06-18,32.75,33.88,33.69,32.4,10274.87,0.94,2.87,33.156,33.221,33.546,5963.16,6776.5,7715.57,4.57
2019-06-17,33.03,33.03,32.75,32.36,3663.65,0.39,1.21,33.172,33.312,33.58,5440.34,6984.05,7464.94,1.63
2019-06-14,33.4,33.6,32.36,32.22,5709.03,-1.04,-3.11,33.184,33.618,33.675,5690.46,8970.17,7617.52,2.54
2019-06-13,33.58,33.66,33.4,33.2,4733.2,-0.18,-0.54,33.132,33.859,33.846,6360.07,9479.5,7612.6,2.1
2019-06-12,33.51,33.95,33.58,33.43,5435.03,-0.19,-0.56,33.132,33.907,33.963,7196.02,9715.69,7742.43,2.42
2019-06-11,32.8,33.83,33.77,32.65,7660.8,0.96,2.93,33.286,33.891,34.036,7589.85,9712.37,7726.2,3.4
2019-06-10,32.2,32.82,32.81,32.1,4914.22,0.71,2.21,33.452,33.877,34.092,8527.75,9501.53,7648.81,2.18
2019-06-06,33.4,33.4,32.1,31.92,9057.09,-1.3,-3.89,34.052,33.891,34.211,12249.87,9462.58,7865.27,4.03
2019-06-05,34.65,34.94,33.4,33.2,8912.95,-0.95,-2.77,34.586,33.933,34.331,12598.93,9204.31,7650.87,3.96
2019-06-04,34.55,35.12,34.35,34.05,7404.18,-0.25,-0.72,34.682,33.932,34.379,12235.35,8758.22,7453.07,3.29
2019-06-03,35.64,35.82,34.6,34.6,12350.31,-1.21,-3.38,34.496,33.871,34.388,11834.9,8654.65,7397.42,5.49
2019-05-31,34.3,36.29,35.81,34.2,23524.84,1.04,2.99,34.302,33.848,34.352,10475.3,7945.83,7352.43,10.46
2019-05-30,33.7,35.04,34.77,33.4,10802.35,0.89,2.63,33.73,33.732,34.392,6675.28,6264.87,6448.7,4.8
2019-05-29,33.4,34.33,33.88,33.28,7095.09,0.46,1.38,33.28,33.833,34.449,5809.7,5745.7,6305.85,3.15
2019-05-28,33.63,33.93,33.42,33.28,5401.91,-0.21,-0.62,33.182,34.019,34.591,5281.08,5769.18,6295.98,2.4
2019-05-27,33.04,33.74,33.63,32.79,5552.31,0.68,2.06,33.246,34.181,34.772,5474.39,5740.02,6546.98,2.47
2019-05-24,32.48,33.18,32.95,32.38,4524.72,0.43,1.32,33.394,34.307,35.02,5416.37,5796.1,6615.96,2.01
2019-05-23,33.39,33.47,32.52,32.32,6474.45,-0.87,-2.61,33.734,34.531,35.282,5854.46,6267.97,6876.68,2.88
2019-05-22,33.91,33.98,33.39,33.28,4452.0,-0.35,-1.04,34.386,34.729,35.604,5681.7,6097.42,7006.08,1.98
2019-05-21,33.77,34.15,33.74,33.08,6368.48,0.12,0.36,34.856,34.825,35.913,6257.28,6147.93,7127.25,2.83
2019-05-20,34.66,34.89,34.37,33.8,5262.18,-0.28,-0.81,35.116,34.905,36.188,6005.65,6140.2,7358.32,2.34
2019-05-17,35.8,35.8,34.65,34.51,6715.18,-1.13,-3.16,35.22,34.856,36.459,6175.83,6759.02,7618.96,2.98
2019-05-16,35.99,35.99,35.78,35.43,5610.68,0.04,0.11,35.328,35.051,36.707,6681.48,6632.54,7702.07,2.49
2019-05-15,35.26,35.86,35.74,35.17,7329.89,0.7,2.0,35.072,35.065,36.876,6513.14,6866.0,7929.22,3.26
2019-05-14,34.6,35.1,35.04,34.4,5110.31,0.15,0.43,34.794,35.162,37.067,6038.58,6822.78,8257.83,2.27
2019-05-13,34.82,35.08,34.89,34.69,6113.09,-0.3,-0.85,34.694,35.362,37.317,6274.75,7353.94,9174.94,2.72
2019-05-10,34.7,35.28,35.19,34.01,9243.41,0.69,2.0,34.492,35.732,37.663,7342.22,7435.83,10289.06,4.11
2019-05-09,34.36,34.9,34.5,34.15,4769.0,0.15,0.44,34.774,36.033,37.954,6583.6,7485.38,10540.6,2.12
2019-05-08,34.18,34.96,34.35,33.66,4957.09,-0.19,-0.55,35.058,36.479,38.286,7218.85,7914.73,11283.1,2.2
2019-05-07,34.0,34.58,34.54,34.0,6291.18,0.66,1.95,35.53,37.001,38.639,7606.97,8106.57,12045.19,2.8
2019-05-06,36.29,36.29,33.88,33.05,11450.4,-2.72,-7.43,36.03,37.47,38.982,8433.13,8576.43,12706.97,5.09
2019-04-30,36.07,36.96,36.6,36.07,5450.34,0.68,1.89,36.972,38.062,39.355,7529.44,8478.9,13544.05,2.42
2019-04-29,36.95,37.09,35.92,35.8,7945.25,-0.79,-2.15,37.292,38.363,39.625,8387.17,8771.6,15312.14,3.53
2019-04-26,36.8,37.3,36.71,36.7,6897.68,-0.33,-0.89,37.9,38.687,39.905,8610.61,8992.44,16099.75,3.07
2019-04-25,38.52,38.6,37.04,37.01,10422.0,-1.55,-4.02,38.472,38.971,40.129,8606.17,9692.89,16855.72,4.63
2019-04-24,38.18,38.67,38.59,37.0,6931.95,0.39,1.02,38.91,39.272,40.397,8719.73,10995.94,17671.87,3.08
2019-04-23,38.96,38.96,38.2,38.01,9738.95,-0.76,-1.95,39.152,39.593,40.649,9428.35,13142.29,19078.15,4.33
2019-04-22,39.59,39.68,38.96,38.88,9062.46,-0.61,-1.54,39.434,39.875,40.889,9156.04,13595.81,20019.69,4.03
2019-04-19,39.25,39.68,39.57,39.23,6875.48,0.34,0.87,39.474,40.093,41.06,9374.27,14651.48,20460.85,3.06
2019-04-18,39.78,39.78,39.23,39.09,10989.81,-0.57,-1.43,39.47,40.277,41.215,10779.6,15983.81,21125.3,4.88
2019-04-17,39.73,40.05,39.8,39.56,10475.04,0.19,0.48,39.634,40.494,41.394,13272.14,16837.5,21530.04,4.66
2019-04-16,39.24,39.73,39.61,39.11,8377.42,0.45,1.15,40.034,40.647,41.568,16856.24,18609.2,22124.87,3.72
2019-04-15,40.0,40.16,39.16,39.16,10153.58,-0.39,-0.99,40.316,40.886,41.774,18035.58,21852.67,23142.02,4.51
2019-04-12,39.46,40.0,39.55,39.26,13902.17,-0.5,-1.25,40.712,41.123,41.919,19928.69,23207.06,23408.19,6.18
2019-04-11,41.9,42.44,40.05,40.02,23452.51,-1.75,-4.19,41.084,41.287,42.005,21188.01,24018.56,23797.32,10.42
2019-04-10,41.05,42.08,41.8,40.8,28395.51,0.78,1.9,41.354,41.522,42.125,20402.86,24347.81,23919.99,12.62
2019-04-09,40.89,41.21,41.02,40.68,14274.11,-0.12,-0.29,41.26,41.704,42.212,20362.15,25014.01,24117.18,6.34
2019-04-08,41.41,41.87,41.14,40.8,19619.13,-0.27,-0.65,41.456,41.902,42.311,25669.76,26443.58,24574.59,8.72
2019-04-04,41.59,41.75,41.41,41.01,20198.78,0.01,0.02,41.534,42.027,42.332,26485.44,26270.22,25667.77,8.98
2019-04-03,41.08,41.87,41.4,40.81,19526.79,0.07,0.17,41.49,42.153,42.494,26849.12,26266.8,27818.66,8.68
2019-04-02,41.98,41.98,41.33,41.27,28191.96,-0.67,-1.59,41.69,42.294,42.602,28292.75,26222.57,29613.61,12.53
2019-04-01,40.5,42.04,42.0,40.28,40812.13,0.47,1.13,42.148,42.489,42.659,29665.87,25640.55,30045.16,18.14
2019-03-29,41.01,41.91,41.53,40.0,23697.52,0.34,0.82,42.348,42.662,42.647,27217.4,24431.38,30118.91,10.53
2019-03-28,42.0,42.15,41.19,41.0,22017.18,-1.21,-2.85,42.52,42.715,42.654,26055.0,23609.31,30480.48,9.79
2019-03-27,43.68,44.19,42.4,39.26,26744.95,-1.22,-2.8,42.816,42.723,42.72,25684.48,23576.07,31452.49,11.89
2019-03-26,43.2,44.66,43.62,42.8,35057.58,0.62,1.44,42.898,42.727,42.693,24152.39,23492.17,32235.0,15.58
2019-03-25,41.8,43.5,43.0,41.6,28569.75,0.61,1.44,42.83,42.72,42.582,21615.23,23220.35,33320.59,12.7
2019-03-22,42.0,42.47,42.39,41.58,17885.55,-0.28,-0.66,42.976,42.719,42.496,21645.37,22705.61,34260.6,7.95
2019-03-21,42.99,43.19,42.67,42.05,20164.59,-0.14,-0.33,42.91,42.637,42.342,21163.62,25065.33,34529.95,8.96
2019-03-20,43.15,43.5,42.81,41.88,19084.47,-0.47,-1.09,42.63,42.835,42.155,21467.66,29370.53,34677.02,8.48
2019-03-19,43.36,43.7,43.28,42.89,22371.8,-0.45,-1.03,42.556,42.91,41.988,22831.95,33004.66,34923.6,9.94
2019-03-18,42.38,43.88,43.73,42.11,28720.43,1.67,3.97,42.61,42.828,41.819,24825.46,34449.76,35500.35,12.76
2019-03-15,41.4,42.3,42.06,41.4,15476.8,0.79,1.91,42.462,42.632,41.669,23765.85,35806.43,35963.09,6.88
2019-03-14,42.0,42.89,41.27,40.61,21684.8,-1.17,-2.76,42.364,42.593,41.56,28967.03,37351.64,36407.52,9.64
2019-03-13,43.54,43.96,42.44,41.81,25905.9,-1.11,-2.55,43.04,42.717,41.484,37273.4,39328.9,36596.05,11.51
2019-03-12,43.36,43.98,43.55,42.98,32339.38,0.56,1.3,43.264,42.659,41.367,43177.37,40977.83,37234.35,14.37
2019-03-11,41.58,43.1,42.99,41.58,23422.37,1.42,3.42,43.046,42.443,41.175,44074.05,43420.83,37847.95,10.41
2019-03-08,43.58,44.15,41.57,41.5,41482.71,-3.08,-6.9,42.802,42.272,40.897,47847.02,45815.59,37692.92,18.44
2019-03-07,43.27,45.87,44.65,42.5,63216.63,1.09,2.5,42.822,42.046,40.634,45736.26,43994.58,36440.89,28.1
2019-03-06,42.5,44.47,43.56,42.3,55425.76,1.1,2.59,42.394,41.474,40.178,41384.4,39983.51,35349.94,24.63
2019-03-05,41.7,42.5,42.46,41.2,36822.8,0.69,1.65,42.054,41.066,39.97,38778.29,36842.55,34315.47,16.37
2019-03-04,41.75,42.59,41.77,41.51,42287.19,0.1,0.24,41.84,40.81,39.795,42767.6,36550.94,33883.98,18.79
2019-03-01,42.78,42.84,41.67,41.29,30928.9,-0.84,-1.98,41.742,40.706,39.7,43784.16,36119.75,33188.52,13.75
2019-02-28,41.84,42.9,42.51,40.5,41457.35,0.65,1.55,41.27,40.526,39.577,42252.9,35463.4,33691.04,18.43
2019-02-27,41.46,42.54,41.86,41.21,42395.2,0.47,1.14,40.554,40.251,39.523,38582.62,33863.2,34436.9,18.84
2019-02-26,40.81,43.0,41.39,40.5,56769.34,0.11,0.27,40.078,40.075,39.468,34906.81,33490.86,34336.71,25.23
2019-02-25,39.37,41.48,41.28,39.32,47369.99,1.97,5.01,39.78,39.906,39.409,30334.28,32275.07,34344.44,21.05
2019-02-22,38.82,39.45,39.31,38.4,23272.6,0.38,0.98,39.67,39.522,39.32,28455.35,29570.25,33902.19,10.34
2019-02-21,39.49,39.87,38.93,38.87,23105.96,-0.55,-1.39,39.782,39.222,39.346,28673.9,28887.21,35857.25,10.27
2019-02-20,40.0,40.34,39.48,38.82,24016.17,-0.42,-1.05,39.948,38.882,39.298,29143.78,30716.38,36699.66,10.67
2019-02-19,40.61,40.72,39.9,39.52,33906.69,-0.83,-2.04,40.072,38.874,39.191,32074.92,31788.39,36846.45,15.07
2019-02-18,40.04,40.86,40.73,39.46,37975.33,0.86,2.16,40.032,38.78,39.056,34215.85,31217.02,36521.62,16.88
2019-02-15,39.8,40.07,39.87,39.45,24365.37,0.11,0.28,39.374,38.693,38.866,30685.15,30257.29,36593.16,10.83
2019-02-14,40.05,40.08,39.76,39.32,25455.32,-0.34,-0.85,38.662,38.627,38.789,29100.51,31918.68,37957.64,11.31
2019-02-13,39.3,40.1,40.1,39.02,38671.87,0.4,1.01,37.816,38.795,38.609,32288.98,35010.6,37770.66,17.19
2019-02-12,37.53,40.8,39.7,37.46,44611.35,2.26,6.04,37.676,38.86,38.385,31501.87,35182.55,36927.08,19.83
2019-02-11,36.66,37.58,37.44,36.36,20321.85,1.13,3.11,37.528,38.911,38.16,28218.2,36413.82,35395.8,9.03
2019-02-01,35.48,36.67,36.31,35.48,16442.16,0.78,2.19,38.012,39.117,38.073,29829.42,38234.14,35324.64,7.31
2019-01-31,38.44,38.95,35.53,35.5,41397.68,-3.87,-9.82,38.592,39.469,38.026,34736.85,42827.28,35424.72,18.4
2019-01-30,38.78,40.54,39.4,38.64,34736.29,0.44,1.13,39.774,39.713,37.966,37732.22,42682.94,34298.39,15.44
2019-01-29,39.5,39.86,38.96,37.78,28193.02,-0.9,-2.26,40.044,39.508,37.771,38863.23,41904.51,33341.54,12.53
2019-01-28,39.5,39.89,39.86,38.35,28377.95,0.65,1.66,40.294,39.331,37.611,44609.45,41826.21,33256.07,12.61
2019-01-25,41.36,41.36,39.21,39.21,40979.33,-2.23,-5.38,40.222,39.039,37.501,46638.85,42929.04,32930.07,18.21
2019-01-24,40.77,42.22,41.44,39.75,56374.49,0.69,1.69,40.346,38.95,37.472,50917.71,43996.6,31921.12,25.06
2019-01-23,39.7,40.89,40.75,39.08,40391.34,0.54,1.34,39.652,38.422,37.345,47633.66,40530.73,30562.84,17.95
2019-01-22,39.52,41.5,40.21,39.5,56924.12,0.71,1.8,38.972,37.91,37.328,44945.79,38671.61,30118.12,25.3
2019-01-21,39.37,39.57,39.5,38.5,38524.99,-0.33,-0.83,38.368,37.409,37.307,39042.97,34377.77,28621.87,17.12
2019-01-18,37.5,40.5,39.83,37.41,62373.62,1.86,4.9,37.856,37.029,37.298,39219.22,32415.14,27963.58,27.72
2019-01-17,37.97,39.38,37.97,37.68,39954.25,0.62,1.66,37.554,36.582,37.227,37075.48,28022.15,25459.13,17.76
2019-01-16,37.1,37.99,37.35,37.1,26951.97,0.16,0.43,37.192,36.219,37.26,33427.79,25913.83,24378.32,11.98
2019-01-15,36.3,37.45,37.19,35.62,27410.01,0.25,0.68,36.848,36.033,37.366,32397.43,24778.58,24322.76,12.18
2019-01-14,38.71,39.38,36.94,36.68,39406.26,-1.38,-3.6,36.45,35.891,37.42,29712.57,24685.94,23906.83,17.51
2019-01-11,36.14,38.77,38.32,35.81,51654.93,2.16,5.97,36.202,35.963,37.505,25611.07,22931.1,22948.79,22.96
2019-01-10,35.77,36.23,36.16,35.33,21715.78,0.53,1.49,35.61,35.993,37.544,18968.81,19845.63,21405.96,9.65
2019-01-09,35.2,36.17,35.63,35.2,21800.16,0.43,1.22,35.246,36.268,37.67,18399.87,20594.96,21386.29,9.69
2019-01-08,35.4,35.66,35.2,35.16,13985.73,-0.5,-1.4,35.218,36.745,37.794,17159.73,21564.62,21237.29,6.22
2019-01-07,35.4,35.83,35.7,35.06,18898.73,0.34,0.96,35.332,37.205,37.976,19659.3,22865.97,21941.75,8.4
2019-01-04,34.01,35.5,35.36,33.99,18443.67,1.02,2.97,35.724,37.567,38.182,20251.12,23512.01,22037.65,8.2
2019-01-03,35.44,35.8,34.34,34.14,18871.06,-1.15,-3.24,36.376,37.871,38.435,20722.45,22896.11,22435.34,8.39
2019-01-02,35.87,35.98,35.49,35.07,15599.45,-0.28,-0.78,37.29,38.3,38.773,22790.05,22842.81,22999.46,6.93
2018-12-28,37.85,37.99,35.77,35.68,26483.58,-1.89,-5.02,38.272,38.698,39.086,25969.51,23866.95,24141.12,11.77
2018-12-27,39.28,39.28,37.66,37.61,21857.86,-0.96,-2.49,39.078,38.948,39.313,26072.65,23127.72,24823.1,9.71
2018-12-26,38.9,39.35,38.62,38.43,20800.31,-0.29,-0.74,39.41,39.047,39.483,26772.89,22966.49,25800.4,9.24
2018-12-25,39.73,39.73,38.91,37.82,29209.05,-1.49,-3.69,39.366,39.094,39.767,25069.76,22966.29,26219.35,12.98
2018-12-24,39.79,40.98,40.4,39.61,31496.77,0.6,1.51,39.31,39.072,40.017,22895.58,22177.62,26325.27,14.0
2018-12-21,39.2,39.8,39.8,39.1,26999.25,0.48,1.22,39.124,38.842,40.19,21764.38,20909.96,26832.84,12.0
2018-12-20,38.19,39.56,39.32,38.1,25359.08,0.92,2.4,38.818,38.747,40.478,20182.8,21017.52,28436.55,11.27
2018-12-19,38.39,39.14,38.4,38.39,12284.67,-0.23,-0.59,38.684,38.797,40.938,19160.08,20563.29,29279.66,5.46
2018-12-18,39.06,39.35,38.63,38.28,18338.12,-0.84,-2.13,38.822,38.998,41.481,20862.81,21974.57,31377.99,8.15
2018-12-17,38.01,39.72,39.47,38.01,25840.76,1.2,3.14,38.834,39.246,42.049,21459.66,23156.11,34133.97,11.48
2018-12-14,38.49,39.35,38.27,38.16,19091.35,-0.38,-0.98,38.56,39.473,42.706,20055.55,24415.29,37018.16,8.49
2018-12-13,39.0,39.3,38.65,38.02,20245.52,-0.44,-1.13,38.676,39.677,43.347,21852.25,26518.48,41565.49,9.0
2018-12-12,38.69,39.61,39.09,38.68,20798.31,0.4,1.03,38.91,39.918,43.972,21966.49,28634.32,44883.31,9.24
2018-12-11,38.08,38.97,38.69,37.81,21322.34,0.59,1.55,39.174,40.439,44.615,23086.33,29472.41,48799.55,9.48
2018-12-10,38.26,38.49,38.1,37.61,18820.21,-0.75,-1.93,39.658,40.962,45.255,24852.56,30472.93,52870.82,8.36
2018-12-07,39.78,40.2,38.85,38.43,28074.85,-0.97,-2.44,40.386,41.537,45.982,28775.03,32755.72,58231.38,12.48
2018-12-06,40.18,41.0,39.82,39.8,20816.73,-0.59,-1.46,40.678,42.208,46.432,31184.72,35855.57,60423.72,9.25
2018-12-05,39.89,40.76,40.41,39.34,26397.51,-0.7,-1.7,40.926,43.079,46.991,35302.14,37996.04,64406.86,11.73
2018-12-04,41.45,41.6,41.11,40.6,30153.51,-0.63,-1.51,41.704,43.963,47.436,35858.49,40781.41,67639.0,13.4
2018-12-03,41.05,42.33,41.74,40.88,38432.56,1.43,3.55,42.266,44.852,47.82,36093.3,45111.84,70958.15,17.08
2018-11-30,40.78,40.79,40.31,38.68,40123.28,-0.75,-1.83,42.688,45.938,48.223,36736.41,49621.02,74575.92,17.83
2018-11-29,44.36,44.9,41.06,40.89,41403.85,-3.24,-7.31,43.738,47.017,48.73,40526.42,56612.49,77579.5,18.4
2018-11-28,43.85,44.5,44.3,43.1,29179.27,0.38,0.86,45.232,48.025,49.124,40689.94,61132.31,80937.35,12.97
2018-11-27,44.22,44.35,43.92,42.98,31327.54,0.07,0.16,46.222,48.79,49.459,45704.32,68126.69,86306.43,13.92
2018-11-26,45.9,45.9,43.85,43.45,41648.11,-1.71,-3.75,47.438,49.548,49.732,54130.37,75268.7,91466.58,18.51
2018-11-23,49.0,49.8,45.56,45.11,59073.33,-2.97,-6.12,49.188,50.427,49.971,62505.63,83707.03,90369.78,26.25
2018-11-22,49.6,50.06,48.53,48.5,42221.43,-0.72,-1.46,50.296,50.656,49.903,72698.56,84991.86,87456.84,18.77
2018-11-21,48.5,50.63,49.25,48.1,54251.18,-0.75,-1.5,50.818,50.903,49.486,81574.69,90817.69,85365.3,24.11
2018-11-20,51.5,53.24,50.0,50.0,73457.82,-2.6,-4.94,51.358,50.909,48.851,90549.05,94496.59,82662.76,32.65
2018-11-19,49.5,52.69,52.6,48.61,83524.4,1.5,2.94,51.658,50.787,48.012,96407.03,96804.45,79005.98,37.12
2018-11-16,50.68,54.19,51.1,50.5,110037.99,-0.04,-0.08,51.666,50.507,47.77,104908.43,99530.82,78768.17,48.91
2018-11-15,50.3,51.42,51.14,48.58,86602.06,-0.81,-1.56,51.016,50.442,47.585,97285.16,98546.51,77030.95,38.49
2018-11-14,50.76,53.75,51.95,50.5,99122.99,0.45,0.87,50.988,50.223,47.376,100060.69,100742.39,76467.95,44.05
2018-11-13,51.0,52.68,51.5,50.52,102747.7,-1.14,-2.17,50.46,50.128,47.09,98444.12,104486.17,75052.01,45.67
2018-11-12,47.52,52.64,52.64,46.52,126031.4,4.79,10.01,49.916,49.915,46.796,97201.88,107664.45,73205.63,56.01
2018-11-09,50.0,50.63,47.85,47.7,71921.65,-3.15,-6.18,49.348,49.514,46.379,94153.21,97032.53,69432.36,31.97
2018-11-08,48.61,51.88,51.0,47.3,100479.7,1.69,3.43,49.868,49.15,46.265,99807.86,89921.82,69240.88,44.66
2018-11-07,47.9,50.27,49.31,47.5,91040.17,0.53,1.09,49.458,48.069,45.871,101424.1,79912.92,66637.64,40.46
2018-11-06,47.02,48.86,48.78,44.91,96536.47,-1.02,-2.05,49.796,46.792,45.558,110528.22,70828.93,64419.23,42.91
2018-11-05,52.0,53.87,49.8,48.26,110788.08,-0.65,-1.29,49.914,45.236,45.236,118127.03,61207.5,61207.5,49.24
2018-11-02,49.29,51.18,50.45,48.88,100194.9,1.5,3.06,49.68,44.729,44.729,99911.85,55698.55,55698.55,44.53
2018-11-01,49.51,51.33,48.95,48.51,108560.87,-2.05,-4.02,48.432,44.014,44.014,80035.77,50136.51,50136.51,48.25
2018-10-31,47.3,54.31,51.0,47.3,136560.77,1.63,3.3,46.68,43.309,43.309,58401.74,41790.17,41790.17,60.69
2018-10-30,48.0,51.06,49.37,46.2,134530.52,0.74,1.52,43.788,42.027,42.027,31129.64,25995.07,25995.07,59.79
2018-10-29,48.63,48.63,48.63,48.63,19712.2,4.42,10.0,40.558,40.558,40.558,4287.98,4287.98,4287.98,8.76
2018-10-26,44.21,44.21,44.21,44.21,814.48,4.02,10.0,38.54,38.54,38.54,431.93,431.93,431.93,0.36
2018-10-25,40.19,40.19,40.19,40.19,390.72,3.65,9.99,36.65,36.65,36.65,304.41,304.41,304.41,0.17
2018-10-24,36.54,36.54,36.54,36.54,200.29,3.32,9.99,34.88,34.88,34.88,261.25,261.25,261.25,0.09
2018-10-23,27.68,33.22,33.22,27.68,322.21,10.15,44.0,33.22,33.22,33.22,322.21,322.21,322.21,0.14
