date,open,high,close,low,volume,price_change,p_change,ma5,ma10,ma20,v_ma5,v_ma10,v_ma20,turnover
2021-01-05,13.28,13.3,13.03,12.7,94226.47,-0.35,-2.62,12.882,13.003,12.299,102696.64,124038.18,82428.44,4.88
2021-01-04,12.97,13.5,13.38,12.84,118178.0,0.5,3.88,12.98,12.975,12.228,111724.74,126078.66,78884.46,6.12
2020-12-31,12.72,13.23,12.88,12.71,93498.0,0.19,1.5,13.044,12.853,12.152,123358.39,124029.98,73738.71,4.84
2020-12-30,12.45,13.1,12.69,12.45,86138.29,0.26,2.09,13.072,12.711,12.1,133246.26,117555.91,70205.11,4.46
2020-12-29,13.52,13.52,12.43,12.42,121442.43,-1.09,-8.06,13.158,12.597,12.058,149041.56,112189.17,66944.41,6.29
2020-12-28,13.71,13.85,13.52,13.2,139367.0,-0.18,-1.31,13.124,12.495,12.031,145379.72,101668.94,62099.69,7.22
2020-12-25,13.09,13.73,13.7,12.7,176346.25,0.68,5.22,12.97,12.285,11.949,140432.57,90545.06,56099.69,9.14
2020-12-24,13.38,13.56,13.02,12.8,142937.33,-0.1,-0.76,12.662,12.029,11.86,124701.57,75208.53,48553.27,7.41
2020-12-23,12.33,13.12,13.12,12.33,165114.77,0.86,7.01,12.35,11.857,11.813,101865.57,62706.7,42902.41,8.56
2020-12-22,12.72,13.0,12.26,12.26,103133.26,-0.49,-3.84,12.036,11.667,11.756,75336.78,49294.42,36102.97,5.34
2020-12-21,12.2,12.96,12.75,12.19,114631.24,0.59,4.85,11.866,11.594,11.749,57958.16,40818.7,32770.46,5.94
2020-12-18,11.52,12.58,12.16,11.48,97691.26,0.7,6.11,11.6,11.481,11.715,40657.54,31690.27,28649.14,5.06
2020-12-17,11.55,11.61,11.46,11.24,28757.3,-0.09,-0.78,11.396,11.451,11.703,25715.49,23447.45,24814.16,1.49
2020-12-16,11.42,11.69,11.55,11.35,32470.84,0.14,1.23,11.364,11.489,11.723,23547.83,22854.32,24337.7,1.68
2020-12-15,11.47,11.48,11.41,11.34,16240.16,-0.01,-0.09,11.298,11.518,11.739,23252.06,21699.65,23714.11,0.84
2020-12-14,11.14,11.46,11.42,11.14,28128.16,0.28,2.51,11.322,11.566,11.758,23679.23,22530.43,23931.45,1.46
2020-12-11,11.3,11.36,11.14,11.03,22981.0,-0.16,-1.42,11.362,11.612,11.783,22723.0,21654.32,23976.14,1.19
2020-12-10,11.22,11.4,11.3,11.11,17919.0,0.08,0.71,11.506,11.69,11.813,21179.4,21898.02,23728.04,0.93
2020-12-09,11.61,11.62,11.22,11.19,30992.0,-0.31,-2.69,11.614,11.769,11.834,22160.8,23098.12,23830.84,1.61
2020-12-08,11.62,11.66,11.53,11.52,18376.0,-0.09,-0.78,11.738,11.844,11.861,20147.23,22911.52,23668.24,0.95
2020-12-07,11.85,11.86,11.62,11.61,23347.0,-0.24,-2.02,11.81,11.904,11.883,21381.63,24722.22,24240.64,1.21
2020-12-04,11.88,11.9,11.86,11.81,15263.0,0.02,0.17,11.862,11.948,11.909,20585.63,25608.02,25021.74,0.79
2020-12-03,11.83,11.88,11.84,11.68,22826.0,0.0,0.0,11.874,11.954,11.909,22616.63,26180.88,25729.99,1.18
2020-12-02,11.9,11.9,11.84,11.81,20924.16,-0.05,-0.42,11.924,11.956,11.91,24035.43,25821.08,26348.64,1.08
2020-12-01,11.85,11.92,11.89,11.78,24548.01,0.01,0.08,11.95,11.959,11.903,25675.8,25728.57,26802.04,1.27
2020-11-30,11.92,12.0,11.88,11.86,19367.0,-0.04,-0.34,11.998,11.95,11.896,28062.8,25332.47,27909.78,1.0
2020-11-27,12.06,12.08,11.92,11.82,25418.0,-0.17,-1.41,12.034,11.953,11.872,30630.4,26297.97,29423.92,1.32
2020-11-26,11.91,12.19,12.09,11.89,29920.0,0.12,1.0,12.034,11.935,11.86,29745.13,25558.07,34762.11,1.55
2020-11-25,12.15,12.26,11.97,11.96,29126.0,-0.16,-1.32,11.988,11.898,11.9,27606.73,24563.57,34927.6,1.51
2020-11-24,12.06,12.24,12.13,12.0,36483.0,0.07,0.58,11.968,11.878,11.946,25781.33,24424.97,35178.55,1.89
2020-11-23,11.98,12.12,12.06,11.87,32205.0,0.14,1.17,11.902,11.861,11.987,22602.13,23759.07,34912.15,1.67
2020-11-20,11.87,11.94,11.92,11.78,20991.65,0.06,0.51,11.872,11.87,12.041,21965.53,24435.46,35121.25,1.09
2020-11-19,11.88,11.88,11.86,11.71,19228.0,-0.01,-0.08,11.836,11.864,12.101,21371.0,25279.09,35866.92,1.0
2020-11-18,11.8,11.9,11.87,11.73,19999.0,0.07,0.59,11.808,11.864,12.163,21520.4,26876.2,36567.77,1.04
2020-11-17,11.9,11.9,11.8,11.75,20587.01,-0.11,-0.92,11.788,11.846,12.231,23068.6,27875.52,38808.97,1.07
2020-11-16,11.78,11.99,11.91,11.64,29022.0,0.17,1.45,11.82,11.842,12.323,24916.0,30487.1,40330.42,1.5
2020-11-13,11.63,11.75,11.74,11.51,18019.0,0.02,0.17,11.868,11.79,12.397,26905.39,32549.88,42504.41,0.93
2020-11-12,11.78,11.92,11.72,11.68,19975.0,-0.05,-0.42,11.892,11.784,12.503,29187.18,43966.16,46168.81,1.03
2020-11-11,11.93,12.0,11.77,11.72,27740.0,-0.19,-1.59,11.92,11.901,12.597,32232.01,45291.64,50200.81,1.44
2020-11-10,12.2,12.24,11.96,11.91,29824.0,-0.19,-1.56,11.904,12.014,12.705,32682.43,45932.14,55711.7,1.55
2020-11-09,11.9,12.29,12.15,11.85,38968.93,0.29,2.44,11.864,12.112,12.776,36058.2,46065.24,58258.55,2.02
2020-11-06,11.9,12.01,11.86,11.78,29427.98,0.0,0.0,11.712,12.212,12.836,38194.37,45807.04,61096.32,1.52
2020-11-05,11.78,11.94,11.86,11.65,35199.12,0.17,1.45,11.676,12.337,12.907,58745.13,46454.74,65203.35,1.82
2020-11-04,11.88,11.9,11.69,11.56,29992.12,-0.07,-0.59,11.882,12.462,12.943,58351.26,46259.33,66127.76,1.55
2020-11-03,11.46,11.86,11.76,11.39,46702.86,0.37,3.25,12.124,12.615,12.975,59181.84,49742.42,65933.86,2.42
2020-11-02,11.58,11.66,11.39,11.24,49649.75,-0.29,-2.48,12.36,12.804,13.002,56072.27,50173.73,64832.45,2.57
2020-10-30,12.78,12.78,11.68,11.62,132181.8,-1.21,-9.39,12.712,13.003,13.05,53419.72,52458.95,64656.03,6.85
2020-10-29,12.66,12.96,12.89,12.6,33229.79,-0.01,-0.08,12.998,13.221,13.097,34164.36,48371.47,60474.12,1.72
2020-10-28,12.94,13.04,12.9,12.68,34145.0,-0.04,-0.31,13.042,13.292,13.098,34167.4,55109.99,61102.68,1.77
2020-10-27,13.15,13.15,12.94,12.79,31155.0,-0.21,-1.6,13.106,13.395,13.088,40303.0,65491.27,61348.01,1.61
2020-10-26,12.99,13.19,13.15,12.72,36387.0,0.04,0.3,13.248,13.44,13.089,44275.19,70451.87,62905.21,1.89
2020-10-23,13.1,13.35,13.11,13.05,35905.0,0.0,0.0,13.294,13.46,13.083,51498.19,76385.6,66571.11,1.86
2020-10-22,13.13,13.3,13.11,12.95,33245.0,-0.11,-0.83,13.444,13.476,13.042,62578.58,83951.95,66638.71,1.72
2020-10-21,13.65,13.65,13.22,13.09,64823.0,-0.43,-3.15,13.542,13.424,13.005,76052.58,85996.19,67153.75,3.36
2020-10-20,13.42,13.67,13.65,13.31,51015.97,0.27,2.02,13.684,13.334,12.956,90679.54,82125.29,66001.82,2.64
2020-10-19,13.88,13.88,13.38,13.33,72501.97,-0.48,-3.46,13.632,13.2,12.895,96628.54,79491.16,67593.01,3.76
2020-10-16,13.63,14.06,13.86,13.47,91306.97,0.26,1.91,13.626,13.097,12.843,101273.01,76853.12,68538.46,4.73
2020-10-15,14.0,14.16,13.6,13.57,100614.97,-0.33,-2.37,13.508,12.973,12.754,105325.31,72576.77,66610.11,5.21
2020-10-14,13.28,13.95,13.93,13.18,137957.8,0.54,4.03,13.306,12.903,12.691,95939.81,67095.37,65070.91,7.15
2020-10-13,13.26,13.58,13.39,13.15,80761.0,0.04,0.3,12.984,12.78,12.643,73571.05,57204.75,60738.22,4.18
2020-10-12,13.29,13.39,13.35,13.15,95724.3,0.08,0.6,12.768,12.737,12.616,62353.78,55358.55,60305.75,4.96
2020-10-09,13.1,13.4,13.27,12.88,111568.49,0.68,5.4,12.568,12.705,12.609,52433.22,56756.63,59666.49,5.78
2020-09-30,12.45,12.87,12.59,12.24,53687.44,0.27,2.19,12.438,12.608,12.63,39828.23,49325.48,56613.93,2.78
2020-09-29,12.4,12.5,12.32,12.26,26114.0,0.01,0.08,12.5,12.586,12.694,38250.94,48311.32,57508.08,1.35
2020-09-28,12.31,12.47,12.31,12.23,24674.66,-0.04,-0.32,12.576,12.577,12.77,40838.44,49878.34,60416.42,1.28
2020-09-25,12.64,12.72,12.35,12.2,46121.52,-0.27,-2.14,12.706,12.589,12.852,48363.31,55694.86,69831.19,2.39
2020-09-24,12.77,13.08,12.62,12.61,48543.52,-0.28,-2.17,12.842,12.589,13.007,61080.04,60223.81,71768.87,2.52
2020-09-23,12.75,13.08,12.9,12.56,45801.0,0.2,1.57,12.778,12.534,13.156,58822.73,60643.46,74444.05,2.37
2020-09-22,12.77,12.9,12.7,12.63,39051.52,-0.26,-2.01,12.672,12.478,13.245,58371.69,63046.46,75507.47,2.02
2020-09-21,13.18,13.24,12.96,12.85,62299.0,-0.07,-0.54,12.578,12.506,13.361,58918.23,64271.7,77376.67,3.23
2020-09-18,12.45,13.07,13.03,12.45,109705.14,0.73,5.93,12.472,12.494,13.462,63026.41,65252.96,78323.57,5.68
2020-09-17,12.27,12.44,12.3,12.2,37257.0,-0.07,-0.57,12.336,12.512,13.544,59367.58,62576.35,76011.11,1.93
2020-09-16,12.25,12.46,12.37,12.11,43545.79,0.14,1.15,12.29,12.651,13.662,62464.18,63902.39,77659.41,2.26
2020-09-15,12.33,12.42,12.23,12.13,41784.24,-0.2,-1.61,12.284,12.802,13.781,67721.22,66704.85,80346.64,2.16
2020-09-14,12.41,12.83,12.43,12.18,82839.86,0.08,0.65,12.434,12.962,13.938,69625.17,70954.49,82221.03,4.29
2020-09-11,12.0,12.49,12.35,11.86,91411.0,0.28,2.32,12.516,13.114,14.088,67479.52,83967.53,82653.24,4.74
2020-09-10,12.49,12.55,12.07,11.96,52740.0,-0.27,-2.19,12.688,13.425,14.22,65785.12,83313.94,81264.38,2.73
2020-09-09,12.88,12.95,12.34,12.34,69831.0,-0.64,-4.93,13.012,13.778,14.369,65340.6,88244.64,83721.58,3.62
2020-09-08,12.8,13.07,12.98,12.69,51304.0,0.14,1.09,13.32,14.011,14.489,65688.48,87968.49,85471.38,2.66
2020-09-07,13.32,13.32,12.84,12.75,72111.58,-0.37,-2.8,13.49,14.216,14.588,72283.82,90481.64,88876.0,3.74
2020-09-04,13.44,13.44,13.21,13.01,82939.0,-0.48,-3.51,13.712,14.429,14.71,100455.54,91394.18,92563.32,4.3
2020-09-03,13.84,13.99,13.69,13.66,50517.42,-0.19,-1.37,14.162,14.576,14.836,100842.75,89445.88,96802.29,2.62
2020-09-02,13.93,13.99,13.88,13.6,71570.42,0.05,0.36,14.544,14.673,14.917,111148.67,91416.44,101503.28,3.71
2020-09-01,13.96,14.15,13.83,13.68,84280.66,-0.12,-0.86,14.702,14.759,14.979,110248.49,93988.44,104765.03,4.37
2020-08-31,14.97,14.97,13.95,13.95,212970.2,-1.51,-9.77,14.942,14.914,15.052,108679.46,93487.57,111808.11,11.03
2020-08-28,15.75,15.77,15.46,15.15,84875.07,-0.14,-0.9,15.146,15.062,15.079,82332.82,81338.95,112119.44,4.4
2020-08-27,14.7,15.71,15.6,14.46,102047.0,0.93,6.34,14.99,15.015,14.997,78049.01,79214.83,120481.44,5.29
2020-08-26,15.09,15.12,14.67,14.41,67069.53,-0.36,-2.4,14.802,14.959,14.876,71684.21,79198.53,121638.76,3.48
2020-08-25,14.98,15.34,15.03,14.72,76435.5,0.06,0.4,14.816,14.967,14.764,77728.38,82974.27,120866.56,3.96
2020-08-24,14.66,15.05,14.97,14.08,81237.0,0.29,1.98,14.886,14.96,14.629,78295.68,87270.37,120291.83,4.21
2020-08-21,14.55,14.75,14.68,14.44,63456.0,0.02,0.14,14.978,14.991,14.478,80345.08,93732.47,118883.42,3.29
2020-08-20,14.56,14.95,14.66,14.47,70223.0,-0.08,-0.54,15.04,15.095,14.348,80380.66,104158.7,120288.17,3.64
2020-08-19,15.46,15.49,14.74,14.74,97290.4,-0.64,-4.16,15.116,15.161,14.251,86712.84,111590.13,121013.6,5.04
2020-08-18,15.53,15.86,15.38,15.32,79272.0,-0.05,-0.32,15.118,15.198,14.166,88220.16,115541.62,118924.08,4.11
2020-08-17,15.1,15.87,15.43,15.07,91484.0,0.44,2.94,15.034,15.19,14.05,96245.05,130128.65,118394.58,4.74
2020-08-14,14.9,15.01,14.99,14.5,63633.91,-0.05,-0.33,15.004,15.096,13.938,107119.85,142899.94,117803.14,3.3
2020-08-13,14.84,15.74,15.04,14.84,101883.91,0.29,1.97,15.15,14.978,13.815,127936.74,161748.04,118737.4,5.28
2020-08-12,14.96,15.16,14.75,14.4,104827.0,-0.21,-1.4,15.206,14.792,13.702,136467.41,164079.0,118411.2,5.43
2020-08-11,15.32,15.78,14.96,14.89,119396.44,-0.32,-2.09,15.278,14.561,13.649,142863.07,158758.84,119424.01,6.19
2020-08-10,15.76,16.18,15.28,15.1,145858.0,-0.44,-2.8,15.346,14.297,13.609,164012.25,153313.3,120813.24,7.56
2020-08-07,15.35,16.36,15.72,15.17,167718.34,0.4,2.61,15.188,13.964,13.552,178680.02,144034.38,122014.73,8.69
2020-08-06,15.05,15.59,15.32,14.98,144537.25,0.21,1.39,14.806,13.601,13.428,195559.35,136417.63,121533.52,7.49
2020-08-05,15.0,15.29,15.11,14.7,136805.3,-0.19,-1.24,14.378,13.34,13.358,191690.59,130437.07,122834.44,7.09
2020-08-04,14.38,15.61,15.3,14.28,225142.36,0.81,5.59,13.844,13.134,13.286,174654.61,122306.54,124461.47,11.67
2020-08-03,13.99,14.8,14.49,13.99,219196.84,0.68,4.92,13.248,12.909,13.181,142614.35,106660.51,121674.94,11.36
2020-07-31,13.06,14.4,13.81,12.99,252114.98,0.63,4.78,12.74,12.779,13.115,109388.75,92706.34,118700.97,13.06
2020-07-30,12.44,13.18,13.18,12.33,125193.48,0.74,5.95,12.396,12.651,13.06,77275.92,75726.75,111000.98,6.49
2020-07-29,12.31,12.46,12.44,12.15,51625.4,0.12,0.97,12.302,12.612,13.036,69183.55,72743.4,109882.42,2.67
2020-07-28,12.12,12.49,12.32,12.03,64941.03,0.37,3.1,12.424,12.737,13.047,69958.47,80089.17,111731.62,3.36
2020-07-27,12.09,12.2,11.95,11.84,53068.84,-0.14,-1.16,12.57,12.92,13.054,70706.68,88313.19,115122.91,2.75
2020-07-24,12.68,12.84,12.09,11.88,91550.84,-0.62,-4.88,12.818,13.139,13.091,76023.93,99995.08,117756.27,4.74
2020-07-23,12.95,13.03,12.71,12.45,84731.64,-0.34,-2.6,12.906,13.255,13.135,74177.58,106649.42,118760.84,4.39
2020-07-22,13.09,13.2,13.05,12.93,55500.0,0.0,0.0,12.922,13.376,13.137,76303.25,115231.81,120075.45,2.88
2020-07-21,13.19,13.3,13.05,12.9,68682.09,-0.14,-1.06,13.05,13.437,13.139,90219.87,126616.39,123803.05,3.56
2020-07-20,12.68,13.22,13.19,12.6,79655.09,0.66,5.27,13.27,13.452,13.146,105919.7,136689.36,128426.35,4.13
2020-07-17,12.83,13.04,12.53,12.47,82319.09,-0.26,-2.03,13.46,13.451,13.152,123966.22,144695.59,138873.13,4.27
2020-07-16,13.41,13.68,12.79,12.54,95360.0,-0.75,-5.54,13.604,13.469,13.165,139121.25,146275.2,146578.77,4.94
2020-07-15,14.15,14.22,13.69,13.51,125083.09,-0.46,-3.25,13.83,13.46,13.131,154160.37,147021.45,147760.56,6.48
2020-07-14,14.06,14.35,14.15,13.67,147181.23,0.01,0.07,13.824,13.356,13.047,163012.92,143374.06,150828.62,7.63
2020-07-13,13.21,14.25,14.14,13.2,169887.69,0.89,6.72,13.634,13.187,12.923,167459.02,141932.62,148302.76,8.8
2020-07-10,13.8,13.84,13.25,13.19,158094.23,-0.67,-4.81,13.442,13.042,12.811,165424.96,135517.46,146987.73,8.19
2020-07-09,13.63,13.98,13.92,13.43,170555.59,0.26,1.9,13.334,13.014,12.731,153429.16,130872.27,145673.7,8.84
2020-07-08,13.19,13.85,13.66,13.1,169345.84,0.46,3.48,13.09,12.897,12.629,139882.52,124919.1,145336.24,8.77
2020-07-07,13.28,13.47,13.2,12.92,169411.73,0.02,0.15,12.888,12.841,12.513,123735.21,120989.71,140795.04,8.78
2020-07-06,12.71,13.25,13.18,12.71,159717.42,0.47,3.7,12.74,12.839,12.43,116406.23,120163.34,137802.58,8.28
2020-07-03,12.7,12.81,12.71,12.54,98115.22,0.01,0.08,12.642,12.852,12.362,105609.95,133050.67,139539.35,5.08
2020-07-02,12.62,12.83,12.7,12.51,102822.41,0.05,0.4,12.694,12.861,12.281,108315.38,146882.34,140123.54,5.33
2020-07-01,12.47,12.65,12.65,12.35,88609.27,0.19,1.52,12.704,12.802,12.217,109955.67,148499.67,139859.97,4.59
2020-06-30,12.75,12.83,12.46,12.4,132766.84,-0.23,-1.81,12.794,12.737,12.149,118244.21,158283.17,140426.15,6.88
2020-06-29,12.8,13.24,12.69,12.66,105736.0,-0.28,-2.16,12.938,12.659,12.082,123920.44,154672.89,138154.43,5.48
2020-06-24,12.7,13.16,12.97,12.61,111642.38,0.22,1.73,13.062,12.58,12.004,160491.38,158458.01,139372.94,5.78
2020-06-23,13.08,13.09,12.75,12.66,111023.84,-0.35,-2.67,13.028,12.448,11.927,185449.31,160475.12,140559.64,5.75
2020-06-22,13.16,13.45,13.1,12.96,130052.0,-0.08,-0.61,12.9,12.361,11.889,187043.67,165753.38,140750.92,6.74
2020-06-19,13.3,13.46,13.18,12.81,161148.0,-0.13,-0.98,12.68,12.184,11.838,198322.13,160600.38,141266.67,8.35
2020-06-18,12.68,13.85,13.31,12.65,288590.69,0.51,3.98,12.38,12.02,11.773,185425.33,155441.83,141718.97,14.95
2020-06-17,12.2,13.05,12.8,11.81,236432.0,0.69,5.7,12.098,11.872,11.692,156424.63,146028.03,140105.02,12.25
2020-06-16,12.1,12.27,12.11,11.92,118995.68,0.11,0.92,11.868,11.7,11.683,135500.94,133364.73,145345.42,6.17
2020-06-15,11.6,12.48,12.0,11.55,186444.3,0.32,2.74,11.822,11.631,11.674,144463.08,131220.26,156713.21,9.66
2020-06-12,11.6,11.8,11.68,11.53,96664.0,-0.22,-1.85,11.688,11.56,11.642,122878.62,122569.13,158164.63,5.01
2020-06-11,11.65,12.05,11.9,11.53,143587.16,0.25,2.15,11.66,11.505,11.604,125458.33,121635.97,162854.69,7.44
2020-06-10,11.95,12.28,11.65,11.61,131813.55,-0.23,-1.94,11.646,11.428,11.572,135631.43,120287.88,168311.41,6.83
2020-06-09,11.37,12.06,11.88,11.29,163806.38,0.55,4.85,11.532,11.406,11.583,131228.52,120644.17,180485.81,8.49
2020-06-08,11.5,11.59,11.33,11.21,78522.0,-0.21,-1.82,11.44,11.416,11.547,117977.45,115748.47,181336.31,4.07
2020-06-05,11.67,11.83,11.54,11.43,109562.54,-0.29,-2.45,11.432,11.491,11.538,122259.65,121932.97,189584.36,5.68
2020-06-04,11.13,11.9,11.83,10.98,194452.7,0.75,6.77,11.35,11.525,11.527,117813.61,127996.11,205678.5,10.08
2020-06-03,11.44,11.46,11.08,11.08,109799.0,-0.34,-2.98,11.21,11.512,11.538,104944.33,134182.0,217865.94,5.69
2020-06-02,11.27,11.45,11.42,11.15,97551.0,0.13,1.15,11.28,11.666,11.531,110059.81,157326.11,235083.72,5.05
2020-06-01,11.15,11.5,11.29,11.03,99933.0,0.16,1.44,11.392,11.717,11.52,113519.48,182206.15,252852.99,5.18
2020-05-29,11.02,11.34,11.13,10.9,87332.34,0.0,0.0,11.55,11.724,11.465,121606.28,193760.13,253722.06,4.52
2020-05-28,11.41,11.69,11.13,10.93,130106.32,-0.3,-2.62,11.7,11.702,11.371,138178.62,204073.42,254031.2,6.74
2020-05-27,11.93,11.95,11.43,11.41,135376.38,-0.55,-4.59,11.814,11.716,11.235,163419.67,216334.95,248005.79,7.01
2020-05-26,12.09,12.1,11.98,11.8,114849.38,-0.1,-0.83,12.052,11.76,11.084,204592.42,240327.46,242254.72,5.95
2020-05-25,11.73,12.11,12.08,11.5,140367.0,0.2,1.68,12.042,11.678,10.913,250892.82,246924.16,237361.47,7.27
2020-05-22,11.63,12.11,11.88,11.36,170194.0,0.18,1.54,11.898,11.584,10.739,265913.97,257235.76,231033.39,8.82
2020-05-21,12.37,12.5,11.7,11.55,256311.59,-0.92,-7.29,11.704,11.528,10.577,269968.23,283360.88,223142.6,13.28
2020-05-20,11.76,13.11,12.62,11.66,341240.12,0.69,5.78,11.618,11.563,10.428,269250.22,301549.88,211074.39,17.68
2020-05-19,11.34,12.5,11.93,11.22,346351.38,0.57,5.02,11.468,11.396,10.229,276062.49,312841.32,194962.86,17.95
2020-05-18,10.94,11.5,11.36,10.64,215472.75,0.45,4.12,11.314,11.323,10.065,242955.49,323499.82,178767.52,11.16
2020-05-15,11.28,11.28,10.91,10.9,190465.3,-0.36,-3.19,11.27,11.205,9.923,248557.55,313683.99,168690.04,9.87
2020-05-14,11.48,11.7,11.27,11.16,252721.56,-0.6,-5.05,11.352,11.039,9.81,296753.54,303988.98,159725.92,13.09
2020-05-13,10.99,12.28,11.87,10.94,375301.47,0.71,6.36,11.508,10.753,9.673,333849.54,279676.63,147637.19,19.45
2020-05-12,11.03,11.24,11.16,10.73,180816.38,0.02,0.18,11.324,10.407,9.508,349620.15,244181.98,129840.97,9.37
2020-05-11,11.05,11.5,11.14,10.95,243483.06,-0.18,-1.59,11.332,10.147,9.39,404044.15,227798.79,121871.82,12.62
2020-05-08,11.0,11.97,11.32,10.85,431445.22,-0.73,-6.06,11.14,9.894,9.269,378810.43,204831.01,111129.83,22.35
2020-05-07,10.65,12.05,12.05,10.65,438201.56,1.1,10.05,10.726,9.625,9.146,311224.43,162924.31,91080.45,22.7
2020-05-06,11.18,11.6,10.95,10.55,454154.53,-0.25,-2.23,9.998,9.292,8.965,225503.72,120598.9,69892.33,23.53
2020-04-30,11.18,11.2,11.2,10.78,452936.38,1.02,10.02,9.49,9.062,8.845,138743.81,77084.4,47920.92,23.47
2020-04-29,9.8,10.18,10.18,9.7,117314.44,0.93,10.05,8.962,8.807,8.707,51553.44,34035.22,26295.3,6.08
2020-04-28,8.77,9.25,9.25,8.6,93515.23,0.84,9.99,8.648,8.641,8.63,30851.6,23696.08,21883.35,4.85
2020-04-27,8.41,8.46,8.41,8.36,9598.0,0.0,0.0,8.524,8.58,8.604,14624.2,15462.86,19388.65,0.5
2020-04-24,8.56,8.57,8.41,8.37,20355.0,-0.15,-1.75,8.586,8.592,8.615,15694.07,15597.76,19686.5,1.05
2020-04-23,8.62,8.67,8.56,8.55,16984.52,-0.05,-0.58,8.634,8.609,8.624,15424.99,15499.96,19534.42,0.88
2020-04-22,8.6,8.65,8.61,8.51,13805.24,-0.02,-0.23,8.652,8.633,8.632,16517.01,15944.84,20282.41,0.72
2020-04-21,8.68,8.71,8.63,8.55,12378.23,-0.09,-1.03,8.634,8.644,8.627,16540.56,17428.64,20546.11,0.64
2020-04-20,8.65,8.72,8.72,8.6,14947.38,0.07,0.81,8.636,8.667,8.613,16301.52,19236.58,20988.74,0.77
2020-04-17,8.62,8.75,8.65,8.59,19009.6,0.0,0.0,8.598,8.638,8.602,15501.44,19185.77,21175.74,0.98
2020-04-16,8.5,8.79,8.65,8.43,22444.6,0.13,1.53,8.584,8.628,8.589,15574.92,18757.44,21175.81,1.16
2020-04-15,8.6,8.64,8.52,8.51,13923.0,-0.12,-1.39,8.614,8.606,8.575,15372.67,18555.38,21114.26,0.72
2020-04-14,8.55,8.65,8.64,8.51,11183.0,0.11,1.29,8.654,8.618,8.572,18316.72,20070.61,21796.39,0.58
2020-04-13,8.54,8.57,8.53,8.42,10947.0,-0.05,-0.58,8.698,8.627,8.566,22171.65,23314.44,22688.04,0.57
2020-04-10,8.8,8.85,8.58,8.51,19377.0,-0.22,-2.5,8.678,8.637,8.578,22870.1,23775.24,24430.29,1.0
2020-04-09,8.74,8.84,8.8,8.73,21433.35,0.08,0.92,8.672,8.638,8.6,21939.97,23568.87,25347.72,1.11
2020-04-08,8.83,8.83,8.72,8.68,28643.23,-0.14,-1.58,8.598,8.631,8.624,21738.1,24619.97,25924.5,1.48
2020-04-07,8.55,8.88,8.86,8.47,30457.65,0.43,5.1,8.582,8.609,8.656,21824.51,23663.57,26508.54,1.58
2020-04-03,8.52,8.61,8.43,8.4,14439.25,-0.12,-1.4,8.556,8.558,8.675,24457.24,22740.91,27127.11,0.75
2020-04-02,8.37,8.58,8.55,8.34,14726.35,0.12,1.42,8.596,8.566,8.732,24680.39,23165.71,28741.19,0.76
2020-04-01,8.56,8.64,8.43,8.43,20424.0,-0.21,-2.43,8.604,8.549,8.785,25197.78,23594.18,31092.27,1.06
2020-03-31,8.78,8.85,8.64,8.59,29075.3,-0.09,-1.03,8.664,8.544,8.831,27501.85,23673.13,31956.81,1.51
2020-03-30,8.57,8.93,8.73,8.33,43621.3,0.1,1.16,8.636,8.525,8.858,25502.64,23522.17,32393.04,2.26
2020-03-27,8.68,8.74,8.63,8.62,15555.0,0.04,0.47,8.56,8.504,8.873,21024.58,22061.64,31625.78,0.81
2020-03-26,8.67,8.72,8.59,8.59,17313.3,-0.14,-1.6,8.536,8.518,8.876,21651.04,25085.34,33019.68,0.9
2020-03-25,8.63,8.77,8.73,8.56,31944.35,0.23,2.71,8.494,8.561,8.905,21990.58,27126.57,33223.26,1.66
2020-03-24,8.43,8.55,8.5,8.31,19079.23,0.15,1.8,8.424,8.616,8.929,19844.42,27229.03,33340.5,0.99
2020-03-23,8.51,8.56,8.35,8.28,21231.0,-0.16,-1.88,8.414,8.702,8.964,21541.7,29353.51,34757.69,1.1
2020-03-20,8.5,8.58,8.51,8.39,18687.3,0.13,1.55,8.448,8.792,9.019,23098.7,31513.31,35313.54,0.97
2020-03-19,8.36,8.42,8.38,8.22,19011.0,0.0,0.0,8.5,8.897,9.067,28519.64,34316.66,36398.68,0.99
2020-03-18,8.53,8.63,8.38,8.37,21213.56,-0.07,-0.83,8.628,9.02,9.124,32262.56,38590.36,38469.79,1.1
2020-03-17,8.52,8.62,8.45,8.19,27565.65,-0.07,-0.82,8.808,9.117,9.167,34613.65,40240.49,38769.91,1.43
2020-03-16,8.82,8.91,8.52,8.51,29016.0,-0.25,-2.85,8.99,9.191,9.211,37165.32,41263.92,39067.31,1.5
2020-03-13,8.6,8.83,8.77,8.58,45792.0,-0.25,-2.77,9.136,9.241,9.25,39927.92,41189.92,39063.94,2.37
2020-03-12,9.16,9.17,9.02,8.95,37725.6,-0.26,-2.8,9.294,9.233,9.267,40113.68,40954.02,37717.54,1.95
2020-03-11,9.38,9.49,9.28,9.27,32969.0,-0.08,-0.85,9.412,9.249,9.271,44918.16,39319.94,37609.91,1.71
2020-03-10,9.11,9.38,9.36,9.01,40323.99,0.11,1.19,9.426,9.242,9.272,45867.32,39451.97,38406.16,2.09
2020-03-09,9.43,9.53,9.25,9.18,42829.0,-0.31,-3.24,9.392,9.225,9.249,45362.52,40161.87,37489.22,2.22
2020-03-06,9.32,9.64,9.56,9.32,46720.82,-0.05,-0.52,9.346,9.245,9.233,42451.92,39113.77,36392.28,2.42
2020-03-05,9.44,9.66,9.61,9.36,61747.97,0.26,2.78,9.172,9.237,9.196,41794.36,38480.69,35323.19,3.2
2020-03-04,9.08,9.42,9.35,9.08,37714.83,0.16,1.74,9.086,9.227,9.155,33721.73,38349.22,34050.36,1.95
2020-03-03,9.15,9.33,9.19,9.12,37799.98,0.17,1.89,9.058,9.217,9.118,33036.62,37299.34,33573.28,1.96
2020-03-02,8.73,9.05,9.02,8.71,28276.0,0.33,3.8,9.058,9.231,9.084,34961.22,36870.69,33898.16,1.47
2020-02-28,8.96,9.09,8.69,8.66,43433.0,-0.49,-5.34,9.144,9.259,9.081,35775.62,36937.97,32990.26,2.25
2020-02-27,9.21,9.29,9.18,9.12,21384.84,-0.03,-0.33,9.302,9.301,9.144,35167.02,34481.07,31979.77,1.11
2020-02-26,8.98,9.45,9.21,8.98,34289.3,0.02,0.22,9.368,9.292,9.196,42976.71,35899.88,31924.88,1.78
2020-02-25,9.3,9.3,9.19,9.03,47422.97,-0.26,-2.75,9.376,9.301,9.254,41562.05,37360.34,31440.95,2.46
2020-02-24,9.46,9.53,9.45,9.32,32347.99,-0.03,-0.32,9.404,9.273,9.309,38780.17,34816.57,29714.85,1.68
2020-02-21,9.43,9.52,9.48,9.41,40390.0,-0.03,-0.32,9.374,9.22,9.35,38100.32,33670.8,28700.5,2.09
2020-02-20,9.24,9.68,9.51,9.18,60433.3,0.26,2.81,9.3,9.154,9.39,33795.12,32165.7,27447.2,3.13
2020-02-19,9.31,9.42,9.25,9.23,27215.98,-0.08,-0.86,9.216,9.083,9.434,28823.04,29751.5,25208.88,1.41
2020-02-18,9.31,9.4,9.33,9.28,33513.56,0.03,0.32,9.226,9.019,9.493,33158.63,29847.23,24843.58,1.74
2020-02-17,9.14,9.3,9.3,9.1,28948.76,0.19,2.09,9.142,8.936,9.549,30852.97,30925.62,24073.32,1.5
2020-02-14,9.05,9.18,9.11,9.01,18864.0,0.02,0.22,9.066,8.902,9.607,29241.27,29042.54,23866.58,0.98
2020-02-13,9.2,9.3,9.09,9.08,35572.92,-0.21,-2.26,9.008,8.986,9.68,30536.27,29478.47,24362.43,1.84
2020-02-12,8.92,9.44,9.3,8.91,48893.92,0.39,4.38,8.95,9.1,9.751,30679.95,27949.87,25376.57,2.53
2020-02-11,8.95,9.06,8.91,8.86,21985.23,-0.01,-0.11,8.812,9.207,9.81,26535.83,25521.57,24692.76,1.14
2020-02-10,8.82,8.93,8.92,8.72,20890.3,0.1,1.13,8.73,9.345,9.882,30998.27,24613.14,25241.14,1.08
2020-02-07,8.75,8.86,8.82,8.68,25338.98,0.02,0.23,8.738,9.479,9.951,28843.81,23730.2,25304.49,1.31
2020-02-06,8.62,8.82,8.8,8.52,36291.3,0.19,2.21,8.964,9.626,10.023,28420.66,22728.7,25383.41,1.88
2020-02-05,8.55,8.74,8.61,8.55,28173.33,0.11,1.29,9.25,9.784,10.092,25219.8,20666.27,24411.04,1.46
2020-02-04,8.06,8.94,8.5,8.06,44297.46,-0.46,-5.13,9.602,9.966,10.168,24507.3,19839.94,24077.18,2.3
2020-02-03,8.96,8.96,8.96,8.96,10118.0,-0.99,-9.95,9.96,10.162,10.248,18228.0,17221.02,23160.21,0.52
2020-01-23,10.23,10.25,9.95,9.88,23223.23,-0.28,-2.74,10.22,10.311,10.307,18616.58,18690.62,23306.19,1.2
2020-01-22,10.4,10.4,10.23,10.16,20286.97,-0.14,-1.35,10.288,10.373,10.312,17036.74,19246.39,22719.38,1.05
2020-01-21,10.3,10.44,10.37,10.23,24610.85,0.08,0.78,10.318,10.401,10.306,16112.74,22803.28,22362.57,1.28
2020-01-20,10.3,10.31,10.29,10.2,12900.93,0.03,0.29,10.33,10.412,10.289,15172.57,23863.95,22224.03,0.67
2020-01-17,10.29,10.35,10.26,10.26,12060.93,-0.03,-0.29,10.364,10.419,10.285,16214.05,25869.15,22891.13,0.62
2020-01-16,10.41,10.41,10.29,10.26,15324.0,-0.09,-0.87,10.402,10.422,10.291,18764.66,26878.78,23531.97,0.79
2020-01-15,10.4,10.46,10.38,10.31,15667.0,-0.05,-0.48,10.458,10.419,10.295,21456.05,28038.11,25100.24,0.81
2020-01-14,10.48,10.55,10.43,10.43,19910.0,-0.03,-0.29,10.484,10.399,10.287,29493.81,28155.82,25800.94,1.03
2020-01-13,10.44,10.49,10.46,10.29,18108.3,0.01,0.1,10.494,10.369,10.273,32555.32,28314.43,25895.44,0.94
2020-01-10,10.6,10.63,10.45,10.35,24814.0,-0.12,-1.14,10.474,10.333,10.256,35524.26,29099.4,26014.22,1.29
2020-01-09,10.61,10.66,10.57,10.49,28780.93,0.06,0.57,10.442,10.302,10.236,34992.91,27921.76,25746.1,1.49
2020-01-08,10.43,10.75,10.51,10.38,55855.81,0.03,0.29,10.38,10.251,10.21,34620.18,26192.37,25312.39,2.89
2020-01-07,10.4,10.57,10.48,10.38,35217.55,0.12,1.16,10.314,10.211,10.181,26817.82,21921.87,23176.15,1.82
2020-01-06,10.25,10.43,10.36,10.21,32953.02,0.07,0.68,10.244,10.165,10.153,24073.54,20584.12,22051.92,1.71
2020-01-03,10.29,10.32,10.29,10.22,22157.23,0.03,0.29,10.192,10.15,10.129,22674.54,19913.11,21779.57,1.15
2020-01-02,10.28,10.31,10.26,10.15,26917.3,0.08,0.79,10.162,10.16,10.111,20850.61,20185.17,21451.43,1.39
2019-12-31,10.16,10.22,10.18,10.11,16844.02,0.05,0.49,10.122,10.17,10.09,17764.55,22162.37,20625.18,0.87
2019-12-30,10.05,10.15,10.13,9.88,21496.14,0.03,0.3,10.108,10.174,10.076,17025.92,23446.06,20610.3,1.11
2019-12-27,10.17,10.28,10.1,10.09,25958.0,-0.04,-0.39,10.086,10.176,10.068,17094.69,23476.45,21401.73,1.34
2019-12-26,10.1,10.16,10.14,10.06,13037.58,0.08,0.8,10.108,10.179,10.046,17151.69,22929.05,20734.33,0.68
2019-12-25,10.11,10.15,10.06,10.04,11487.0,-0.05,-0.49,10.158,10.17,10.025,19519.72,23570.44,20491.25,0.6
2019-12-24,10.07,10.12,10.11,10.0,13150.86,0.09,0.9,10.218,10.168,10.014,26560.18,24432.41,20491.15,0.68
2019-12-23,10.2,10.21,10.02,10.01,21840.0,-0.19,-1.86,10.24,10.151,10.003,29866.21,24430.42,20436.31,1.13
2019-12-20,10.4,10.45,10.21,10.2,26243.0,-0.18,-1.73,10.266,10.14,9.994,29858.2,23519.72,19878.31,1.36
2019-12-19,10.41,10.47,10.39,10.31,24877.75,0.03,0.29,10.25,10.108,9.972,28706.4,23646.03,19136.55,1.29
2019-12-18,10.21,10.47,10.36,10.19,46689.3,0.14,1.37,10.182,10.061,9.944,27621.15,22717.69,18618.87,2.42
2019-12-17,10.15,10.26,10.22,10.12,29680.98,0.07,0.69,10.118,10.009,9.911,22304.63,19088.0,16793.92,1.54
2019-12-16,10.16,10.17,10.15,10.05,21799.99,0.02,0.2,10.062,9.978,9.891,18994.64,17774.54,15851.95,1.13
2019-12-13,10.08,10.17,10.13,10.04,20484.0,0.08,0.8,10.014,9.959,9.868,17181.24,19327.01,15285.19,1.06
2019-12-12,10.01,10.28,10.05,10.0,19451.49,0.01,0.1,9.966,9.912,9.847,18585.66,18539.61,14792.79,1.01
2019-12-11,9.93,10.07,10.04,9.89,20106.71,0.1,1.01,9.94,9.879,9.839,17814.23,17412.06,14253.06,1.04
2019-12-10,9.9,9.95,9.94,9.84,13131.0,0.03,0.3,9.9,9.86,9.833,15871.36,16549.89,13914.83,0.68
2019-12-09,9.86,9.95,9.91,9.84,12733.0,0.02,0.2,9.894,9.855,9.83,16554.45,16442.19,13844.44,0.66
2019-12-06,9.92,10.07,9.89,9.85,27506.12,-0.03,-0.3,9.904,9.848,9.828,21472.77,16236.89,14298.52,1.43
2019-12-05,9.83,9.97,9.92,9.83,15594.33,0.08,0.81,9.858,9.836,9.841,18493.55,14627.08,13584.01,0.81
2019-12-04,9.8,9.9,9.84,9.79,10392.33,-0.07,-0.71,9.818,9.826,9.849,17009.88,14520.04,13271.7,0.54
2019-12-03,9.8,9.93,9.91,9.76,16546.45,-0.05,-0.5,9.82,9.813,9.861,17228.42,14499.84,13327.98,0.86
2019-12-02,9.65,10.43,9.96,9.63,37324.63,0.3,3.11,9.816,9.804,9.874,16329.93,13929.36,12964.51,1.93
2019-11-29,9.71,9.77,9.66,9.59,12610.0,-0.06,-0.62,9.792,9.777,9.883,11001.0,11243.37,11493.43,0.65
2019-11-28,9.78,9.85,9.72,9.71,8176.0,-0.13,-1.32,9.814,9.781,9.91,10760.6,11045.97,11390.28,0.42
2019-11-27,9.88,9.94,9.85,9.82,11485.03,-0.04,-0.4,9.834,9.798,9.928,12030.2,11094.07,11624.11,0.6
2019-11-26,9.8,9.89,9.89,9.8,12054.0,0.05,0.51,9.806,9.805,9.945,11771.25,11279.77,12126.8,0.62
2019-11-25,9.85,9.85,9.84,9.72,10679.99,0.07,0.72,9.792,9.805,9.975,11528.79,11246.7,12349.05,0.55
2019-11-22,9.81,9.89,9.77,9.73,11407.99,-0.05,-0.51,9.762,9.808,10.012,11485.74,12360.15,12550.88,0.59
2019-11-21,9.7,9.82,9.82,9.55,14523.99,0.11,1.13,9.748,9.846,10.049,11331.34,12540.95,12603.63,0.75
2019-11-20,9.83,9.83,9.71,9.7,10190.3,-0.11,-1.12,9.762,9.871,10.076,10157.94,12023.35,12325.98,0.53
2019-11-19,9.76,9.82,9.82,9.7,10841.7,0.13,1.34,9.804,9.908,10.11,10788.28,12156.12,12267.77,0.56
2019-11-18,9.73,9.73,9.69,9.63,10464.7,-0.01,-0.1,9.818,9.943,10.14,10964.6,11999.65,12249.68,0.54
2019-11-15,9.89,9.96,9.7,9.69,10636.0,-0.19,-1.92,9.854,9.988,10.174,13234.57,11743.48,12361.01,0.55
2019-11-14,9.92,9.94,9.89,9.85,8657.0,-0.03,-0.3,9.944,10.038,10.211,13750.57,11734.58,12691.4,0.45
2019-11-13,9.92,9.95,9.92,9.76,13342.0,0.03,0.3,9.98,10.058,10.243,13888.77,12154.14,12800.65,0.69
2019-11-12,9.82,9.91,9.89,9.76,11723.29,0.02,0.2,10.012,10.084,10.276,13523.97,12973.84,12817.4,0.61
2019-11-11,10.17,10.17,9.87,9.83,21814.55,-0.28,-2.76,10.068,10.144,10.316,13034.71,13451.41,12853.53,1.13
2019-11-08,10.1,10.18,10.15,10.08,13216.0,0.08,0.79,10.122,10.215,10.364,10252.4,12741.61,12744.77,0.68
2019-11-07,10.15,10.15,10.07,10.06,9348.0,-0.01,-0.1,10.132,10.251,10.395,9718.59,12666.31,12861.42,0.48
2019-11-06,10.18,10.22,10.08,10.05,11517.99,-0.09,-0.89,10.136,10.28,10.427,10419.51,12628.61,13195.78,0.6
2019-11-05,10.24,10.24,10.17,10.09,9276.99,0.03,0.3,10.156,10.311,10.458,12423.72,12379.41,13564.94,0.48
2019-11-04,10.27,10.27,10.14,10.14,7903.0,-0.06,-0.59,10.22,10.336,10.474,13868.12,12499.71,13987.55,0.41
2019-11-01,10.13,10.2,10.2,10.04,10546.98,0.11,1.09,10.308,10.36,10.496,15230.82,12978.54,14384.86,0.55
2019-10-31,10.17,10.23,10.09,10.07,12852.61,-0.09,-0.88,10.37,10.383,10.519,15614.04,13648.23,14943.99,0.67
2019-10-30,10.44,10.47,10.18,10.18,21539.0,-0.31,-2.96,10.424,10.428,10.539,14837.71,13447.17,15583.3,1.12
2019-10-29,10.57,10.57,10.49,10.45,16499.0,-0.09,-0.85,10.466,10.468,10.566,12335.11,12660.97,15584.01,0.85
2019-10-28,10.51,10.6,10.58,10.45,14716.49,0.07,0.67,10.452,10.487,10.591,11131.31,12255.64,15779.69,0.76
2019-10-25,10.38,10.51,10.51,10.31,12463.08,0.15,1.45,10.412,10.513,10.612,10726.27,12747.93,16087.21,0.65
2019-10-24,10.4,10.44,10.36,10.35,8971.0,-0.03,-0.29,10.396,10.538,10.645,11682.42,13056.53,16455.79,0.46
2019-10-23,10.45,10.49,10.39,10.38,9025.97,-0.03,-0.29,10.432,10.574,10.688,12056.62,13762.95,17021.33,0.47
2019-10-22,10.38,10.44,10.42,10.35,10480.0,0.04,0.39,10.47,10.605,10.729,12986.82,14750.46,17927.09,0.54
2019-10-21,10.45,10.45,10.38,10.32,12691.3,-0.05,-0.48,10.522,10.612,10.761,13379.97,15475.38,19219.06,0.66
2019-10-18,10.5,10.6,10.43,10.41,17243.84,-0.11,-1.04,10.614,10.631,10.814,14769.6,15791.18,19908.14,0.89
2019-10-17,10.5,10.64,10.54,10.5,10842.0,-0.04,-0.38,10.68,10.655,10.861,14430.63,16239.76,20398.65,0.56
2019-10-16,10.7,10.78,10.58,10.58,13676.98,-0.1,-0.94,10.716,10.649,10.901,15469.28,17719.44,21572.2,0.71
2019-10-15,10.84,10.84,10.68,10.65,12445.74,-0.16,-1.48,10.74,10.664,10.94,16514.1,18507.06,22602.7,0.64
2019-10-14,10.88,10.94,10.84,10.78,19639.42,0.08,0.74,10.702,10.694,10.972,17570.78,19303.73,23719.76,1.02
2019-10-11,10.72,10.78,10.76,10.63,15549.0,0.04,0.37,10.648,10.711,10.991,16812.76,19426.49,24186.92,0.81
2019-10-10,10.61,10.74,10.72,10.61,16035.24,0.02,0.19,10.63,10.752,11.009,18048.88,19855.06,25949.35,0.83
2019-10-09,10.47,10.79,10.7,10.35,18901.12,0.21,2.0,10.582,10.801,11.03,19969.6,20279.71,28105.06,0.98
2019-10-08,10.55,10.64,10.49,10.49,17729.14,-0.08,-0.76,10.588,10.852,11.04,20500.01,21103.72,28149.76,0.92
2019-09-30,10.6,10.71,10.57,10.55,15849.3,-0.1,-0.94,10.686,10.91,11.057,21036.68,22962.74,28296.57,0.82
2019-09-27,10.54,10.75,10.67,10.54,21729.61,0.19,1.81,10.774,10.996,11.057,22040.23,24025.11,28803.61,1.13
2019-09-26,10.75,10.83,10.48,10.45,25638.84,-0.25,-2.33,10.874,11.067,11.066,21661.25,24557.54,28649.84,1.33
2019-09-25,10.9,10.97,10.73,10.68,21553.14,-0.25,-2.28,11.02,11.153,11.09,20589.82,25424.95,28697.72,1.12
2019-09-24,11.01,11.07,10.98,10.9,20412.53,-0.03,-0.27,11.116,11.215,11.095,21707.43,26698.34,28765.67,1.06
2019-09-23,11.18,11.18,11.01,10.92,20867.01,-0.16,-1.43,11.134,11.25,11.076,24888.79,28135.79,28790.8,1.08
2019-09-20,11.3,11.32,11.17,11.13,19834.71,-0.04,-0.36,11.218,11.271,11.064,26009.99,28947.35,28754.85,1.03
2019-09-19,11.19,11.25,11.21,11.13,20281.71,0.0,0.0,11.26,11.266,11.053,27453.83,32043.64,29101.07,1.05
2019-09-18,11.11,11.29,11.21,11.05,27141.2,0.14,1.26,11.286,11.259,11.047,30260.09,35930.41,30655.38,1.41
2019-09-17,11.38,11.45,11.07,11.0,36319.31,-0.36,-3.15,11.314,11.228,11.027,31689.25,35195.81,30466.46,1.88
2019-09-16,11.44,11.47,11.43,11.37,26473.0,0.05,0.44,11.366,11.203,11.015,31382.79,33630.41,29909.04,1.37
2019-09-12,11.44,11.44,11.38,11.27,27053.91,0.04,0.35,11.324,11.118,10.973,31884.72,33582.11,29566.43,1.4
2019-09-11,11.39,11.46,11.34,11.32,34313.02,-0.01,-0.09,11.272,11.065,10.927,36633.45,32742.15,29280.17,1.78
2019-09-10,11.29,11.39,11.35,11.22,34287.0,0.02,0.18,11.232,11.026,10.891,41600.72,31970.48,28480.96,1.78
2019-09-09,11.33,11.37,11.33,11.22,34787.01,0.11,0.98,11.142,10.974,10.856,38702.37,30833.0,27764.06,1.8
2019-09-06,11.12,11.27,11.22,11.11,28982.66,0.1,0.9,11.04,10.901,10.835,35878.03,29445.8,27393.36,1.5
2019-09-05,11.12,11.26,11.12,11.1,50797.57,-0.02,-0.18,10.912,10.857,10.827,35279.49,28562.34,28099.37,2.63
2019-09-04,10.85,11.44,11.14,10.85,59149.37,0.24,2.2,10.858,10.84,10.815,28850.84,26158.49,27251.45,3.06
2019-09-03,10.79,10.93,10.9,10.7,19795.23,0.08,0.74,10.82,10.835,10.786,22340.24,25380.36,25440.68,1.03
2019-09-02,10.7,10.83,10.82,10.5,20665.3,0.24,2.27,10.806,10.825,10.766,22963.64,25737.1,26364.51,1.07
2019-08-30,10.88,10.99,10.58,10.58,25990.0,-0.27,-2.49,10.762,10.827,10.78,23013.58,26187.67,26185.69,1.35
2019-08-29,10.95,10.97,10.85,10.84,18654.3,-0.1,-0.91,10.802,10.827,10.811,21845.18,25550.76,25856.14,0.97
2019-08-28,10.81,11.02,10.95,10.75,26596.39,0.12,1.11,10.822,10.788,10.838,23466.15,25818.19,25472.67,1.38
2019-08-27,10.75,10.84,10.83,10.63,22912.21,0.23,2.17,10.85,10.756,10.859,28420.47,24991.44,24904.75,1.19
2019-08-26,10.36,10.67,10.6,10.33,20915.0,-0.18,-1.67,10.844,10.737,10.891,28510.57,24695.11,24680.29,1.08
2019-08-23,10.89,10.97,10.78,10.77,20148.0,-0.17,-1.55,10.892,10.769,10.932,29361.77,25340.91,24313.29,1.04
2019-08-22,10.98,11.07,10.95,10.85,26759.14,-0.14,-1.26,10.852,10.796,10.964,29256.34,27636.41,24290.86,1.39
2019-08-21,10.78,11.23,11.09,10.72,51368.0,0.29,2.69,10.754,10.789,10.984,28170.22,28344.4,23862.4,2.66
2019-08-20,10.87,10.9,10.8,10.76,23362.7,-0.04,-0.37,10.662,10.737,10.999,21562.41,25501.0,22288.83,1.21
2019-08-19,10.73,10.84,10.84,10.59,25171.0,0.26,2.46,10.63,10.707,11.023,20879.66,26991.91,21813.65,1.3
2019-08-16,10.46,10.82,10.58,10.46,19620.86,0.12,1.15,10.646,10.732,11.042,21320.06,26183.71,22134.85,1.02
2019-08-15,10.23,10.54,10.46,10.02,21328.56,-0.17,-1.6,10.74,10.795,11.095,26016.47,26161.53,22033.81,1.11
2019-08-14,10.79,10.86,10.63,10.63,18328.93,-0.01,-0.09,10.824,10.887,11.152,28518.57,25127.15,22184.47,0.95
2019-08-13,10.88,10.88,10.64,10.64,19948.93,-0.28,-2.56,10.812,10.962,11.212,29439.59,24818.06,22376.77,1.03
2019-08-12,10.84,10.96,10.92,10.71,27373.0,-0.13,-1.18,10.784,11.045,11.276,33104.17,24665.47,22208.28,1.42
2019-08-09,10.83,11.35,11.05,10.81,43102.95,0.17,1.56,10.818,11.095,11.324,31047.37,23285.67,22169.78,2.23
2019-08-08,10.52,11.2,10.88,10.52,33839.05,0.31,2.93,10.85,11.131,11.366,26306.58,20945.3,20816.54,1.75
2019-08-07,10.59,10.77,10.57,10.49,22934.0,0.07,0.67,10.95,11.179,11.417,21735.74,19380.4,20221.38,1.19
2019-08-06,10.86,10.9,10.5,10.18,38271.84,-0.59,-5.32,11.112,11.26,11.484,20196.54,19076.67,19940.71,1.98
2019-08-05,11.16,11.29,11.09,11.08,17089.0,-0.12,-1.07,11.306,11.339,11.558,16226.77,16635.39,19747.87,0.89
2019-08-02,11.18,11.32,11.21,11.13,19399.0,-0.17,-1.49,11.372,11.352,11.604,15523.97,18085.99,21360.44,1.01
2019-08-01,11.3,11.42,11.38,11.27,10984.84,0.0,0.0,11.412,11.395,11.667,15584.03,17906.09,22004.7,0.57
2019-07-31,11.47,11.47,11.38,11.32,15238.0,-0.09,-0.79,11.408,11.416,11.72,17025.06,19241.78,23830.56,0.79
2019-07-30,11.44,11.5,11.47,11.42,18423.0,0.05,0.44,11.408,11.462,11.784,17956.8,19935.48,26578.66,0.95
2019-07-29,11.33,11.49,11.42,11.31,13575.0,0.01,0.09,11.372,11.507,11.832,17044.0,19751.08,29120.88,0.7
2019-07-26,11.4,11.47,11.41,11.34,19699.3,0.05,0.44,11.332,11.552,11.897,20648.0,21053.88,34667.58,1.02
2019-07-25,11.46,11.46,11.36,11.27,18190.0,-0.02,-0.18,11.378,11.601,11.948,20228.15,20687.77,41328.87,0.94
2019-07-24,11.34,11.46,11.38,11.34,19896.72,0.09,0.8,11.424,11.655,11.976,21458.51,21062.37,43318.24,1.03
2019-07-23,11.22,11.31,11.29,11.2,13859.0,0.07,0.62,11.516,11.707,12.025,21914.16,20804.76,43958.65,0.72
2019-07-22,11.63,11.69,11.22,11.2,31595.0,-0.42,-3.61,11.642,11.776,12.081,22458.16,22860.36,45593.48,1.64
2019-07-19,11.67,11.78,11.64,11.62,17600.05,0.05,0.43,11.772,11.856,12.152,21459.76,24634.89,46235.52,0.91
2019-07-18,11.83,11.83,11.59,11.56,24341.76,-0.25,-2.11,11.824,11.939,12.207,21147.38,26103.32,49026.19,1.26
2019-07-17,11.85,11.97,11.84,11.82,22175.0,-0.08,-0.67,11.886,12.024,12.258,20666.23,28419.34,51255.29,1.15
2019-07-16,11.87,11.95,11.92,11.81,16579.0,0.05,0.42,11.898,12.106,12.294,19695.35,33221.83,54187.23,0.86
2019-07-15,11.91,11.96,11.87,11.45,26603.0,-0.03,-0.25,11.91,12.156,12.31,23262.55,38490.67,54999.58,1.38
2019-07-12,11.97,11.97,11.9,11.82,16038.14,0.0,0.0,11.94,12.241,12.323,27810.02,48281.28,54867.22,0.83
2019-07-11,11.98,12.15,11.9,11.87,21936.0,0.0,0.0,12.054,12.294,12.335,31059.25,61969.97,57017.35,1.14
2019-07-10,11.98,12.0,11.9,11.86,17320.6,-0.08,-0.67,12.162,12.296,12.371,36172.45,65574.12,60511.29,0.9
2019-07-09,11.98,12.07,11.98,11.72,34415.0,-0.04,-0.33,12.314,12.343,12.388,46748.31,67112.54,62677.55,1.78
2019-07-08,12.47,12.48,12.02,11.92,49340.35,-0.45,-3.61,12.402,12.385,12.407,53718.79,68326.61,65222.23,2.56
2019-07-05,12.45,12.59,12.47,12.4,32284.3,0.03,0.24,12.542,12.447,12.401,68752.54,67836.16,65321.81,1.67
2019-07-04,12.59,12.74,12.44,12.44,47502.0,-0.22,-1.74,12.534,12.475,12.37,92880.68,71949.06,68578.92,2.46
2019-07-03,12.44,12.66,12.66,12.4,70199.88,0.24,1.93,12.43,12.492,12.384,94975.78,74091.25,71358.89,3.64
2019-07-02,12.59,12.6,12.42,12.4,69267.43,-0.3,-2.36,12.372,12.482,12.401,87476.77,75152.64,76411.57,5.87
2019-07-01,12.45,12.85,12.72,12.15,124509.09,0.29,2.33,12.368,12.463,12.475,82934.43,71508.5,90293.63,10.55
2019-06-28,11.99,13.1,12.43,11.95,152925.0,0.51,4.28,12.352,12.405,12.524,66919.77,61453.16,86109.37,12.96
2019-06-27,12.2,12.2,11.92,11.86,57977.5,-0.25,-2.05,12.416,12.375,12.526,51017.44,52064.74,81175.0,4.91
2019-06-26,12.35,12.52,12.37,12.24,32704.84,-0.03,-0.24,12.554,12.446,12.543,53206.71,55448.47,80533.02,2.77
2019-06-25,12.66,12.67,12.4,12.27,46555.72,-0.24,-1.9,12.592,12.432,12.529,62828.5,58242.57,80629.92,3.95
2019-06-24,12.75,12.88,12.64,12.57,44435.8,-0.11,-0.86,12.558,12.428,12.52,60082.56,62117.85,80628.49,3.77
2019-06-21,12.62,12.85,12.75,12.6,73413.33,0.14,1.11,12.458,12.355,12.496,55986.55,62807.47,80474.0,6.22
2019-06-20,12.54,12.79,12.61,12.31,68923.88,0.05,0.4,12.334,12.265,12.44,53112.05,65208.79,78637.48,5.84
2019-06-19,12.48,12.78,12.56,12.27,80813.79,0.33,2.7,12.338,12.275,12.409,57690.22,68626.53,76752.32,6.85
2019-06-18,12.1,12.35,12.23,12.08,32826.0,0.09,0.74,12.272,12.319,12.392,53656.63,77670.5,74371.98,2.78
2019-06-17,12.06,12.26,12.14,12.03,23955.75,0.01,0.08,12.298,12.486,12.387,64153.14,109078.76,75493.04,2.03
2019-06-14,12.5,12.58,12.13,12.11,59040.83,-0.5,-3.96,12.252,12.643,12.414,69628.39,110765.58,76432.5,5.0
2019-06-13,12.23,12.93,12.63,12.04,91814.72,0.4,3.27,12.196,12.676,12.47,77305.53,110285.26,75983.62,7.78
2019-06-12,12.3,12.48,12.23,12.2,60645.84,-0.13,-1.05,12.212,12.64,12.49,79562.83,105617.57,73419.48,5.14
2019-06-11,11.98,12.54,12.36,11.73,85308.58,0.45,3.78,12.366,12.626,12.514,101684.36,103017.28,71914.85,7.23
2019-06-10,11.89,12.13,11.91,11.79,51332.0,0.06,0.51,12.674,12.611,12.545,154004.38,99139.13,69065.84,4.35
2019-06-06,12.56,12.66,11.85,11.77,97426.5,-0.86,-6.77,13.034,12.637,12.608,151902.76,98140.52,69234.74,8.26
2019-06-05,13.12,13.18,12.71,12.6,103101.25,-0.29,-2.23,13.156,12.614,12.661,143264.98,92066.18,66355.87,8.74
2019-06-04,13.1,13.37,13.0,12.69,171253.48,-0.9,-6.47,13.068,12.543,12.665,131672.3,84878.11,62753.9,14.51
2019-06-03,15.08,15.08,13.9,13.89,346908.69,0.19,1.39,12.886,12.464,12.657,104350.2,71073.47,55883.72,29.4
2019-05-31,13.1,13.71,13.71,13.1,40823.9,1.25,10.03,12.548,12.287,12.594,44273.87,41907.32,41720.59,3.46
2019-05-30,12.08,12.55,12.46,11.98,54237.6,0.19,1.55,12.24,12.184,12.603,44378.28,42099.43,41660.09,4.6
2019-05-29,12.01,12.44,12.27,11.94,45137.83,0.18,1.49,12.072,12.263,12.679,40867.38,41681.98,41693.42,3.83
2019-05-28,12.21,12.27,12.09,12.03,34643.0,-0.12,-0.98,12.018,12.34,12.791,38083.91,41221.39,43114.24,2.94
2019-05-27,12.0,12.29,12.21,11.94,46527.0,0.04,0.33,12.042,12.401,12.941,37796.73,40812.42,45488.05,3.94
2019-05-24,11.52,12.4,12.17,11.52,41345.99,0.55,4.73,12.026,12.478,13.139,39540.77,38992.55,45618.48,3.5
2019-05-23,11.94,11.94,11.62,11.58,36683.06,-0.38,-3.17,12.128,12.579,13.325,39820.58,40328.96,46327.95,3.11
2019-05-22,12.3,12.3,12.0,11.98,31220.51,-0.21,-1.72,12.454,12.708,13.536,42496.59,40645.55,47396.32,2.65
2019-05-21,12.05,12.3,12.21,11.81,33207.1,0.08,0.66,12.662,12.786,13.748,44358.87,40629.7,49040.77,2.81
2019-05-20,12.51,12.68,12.13,11.41,55247.21,-0.55,-4.34,12.76,12.85,13.946,43828.11,40693.97,51666.36,4.68
2019-05-17,13.12,13.18,12.68,12.65,42745.0,-0.57,-4.3,12.93,12.901,14.165,38444.32,41533.85,54769.86,3.62
2019-05-16,13.03,13.49,13.25,12.97,50063.11,0.21,1.61,13.03,13.021,14.372,40837.34,41220.74,61772.04,4.24
2019-05-15,12.84,13.15,13.04,12.78,40531.93,0.34,2.68,12.962,13.094,14.525,38794.52,41704.86,66566.89,3.43
2019-05-14,12.75,12.93,12.7,12.64,30553.28,-0.28,-2.16,12.91,13.241,14.664,36900.52,45007.08,66723.42,2.59
2019-05-13,13.05,13.12,12.98,12.95,28328.3,-0.2,-1.52,12.94,13.48,14.813,37559.84,50163.68,68008.78,2.4
2019-05-10,12.91,13.22,13.18,12.73,54710.09,0.27,2.09,12.872,13.8,14.954,44623.38,52244.41,69734.77,4.64
2019-05-09,12.73,13.1,12.91,12.62,39849.0,0.13,1.02,13.012,14.07,15.099,41604.14,52326.94,69846.44,3.38
2019-05-08,12.6,12.86,12.78,12.5,31061.93,-0.07,-0.55,13.226,14.364,15.25,44615.2,54147.09,72147.67,2.63
2019-05-07,12.69,12.9,12.85,12.68,33849.89,0.21,1.66,13.572,14.71,15.427,53113.65,57451.84,74590.47,2.87
2019-05-06,13.62,13.63,12.64,12.56,63646.0,-1.24,-8.93,14.02,15.041,15.602,62767.51,62638.75,76703.44,5.39
2019-04-30,13.69,14.05,13.88,13.64,39613.9,-0.1,-0.71,14.728,15.429,15.791,59865.43,68005.88,79851.05,3.36
2019-04-29,14.51,14.65,13.98,13.86,54904.3,-0.53,-3.65,15.128,15.723,15.909,63049.74,82323.34,83191.2,4.65
2019-04-26,15.09,15.17,14.51,14.51,73554.14,-0.58,-3.84,15.502,15.956,16.003,63678.98,91428.93,84315.57,6.23
2019-04-25,16.15,16.15,15.09,15.03,82119.22,-1.09,-6.74,15.848,16.086,16.043,61790.04,88439.76,83275.39,6.96
2019-04-24,15.9,16.18,16.18,15.71,49135.6,0.3,1.89,16.062,16.145,16.069,62509.98,85853.87,81666.23,4.16
2019-04-23,15.83,16.0,15.88,15.7,55535.42,0.03,0.19,16.13,16.107,16.03,76146.32,87225.14,82535.62,4.71
2019-04-22,16.25,16.32,15.85,15.84,58050.52,-0.39,-2.4,16.318,16.128,16.02,101596.95,87365.93,83131.95,4.92
2019-04-19,16.09,16.26,16.24,15.92,64109.44,0.08,0.49,16.41,16.135,16.028,119178.87,90148.25,84764.75,5.43
2019-04-18,16.55,16.64,16.16,16.14,85718.94,-0.36,-2.18,16.324,16.143,16.026,115089.49,91729.1,85962.63,7.26
2019-04-17,16.72,16.74,16.52,16.4,117317.28,-0.3,-1.78,16.228,16.162,16.027,109197.76,90768.14,86082.77,9.94
2019-04-16,16.33,16.87,16.82,16.11,182788.58,0.51,3.13,16.084,16.152,16.019,98303.96,91696.22,85339.03,15.49
2019-04-15,15.94,16.44,16.31,15.94,145960.12,0.5,3.16,15.938,16.094,16.008,73134.91,84059.05,80361.4,12.37
2019-04-12,15.6,15.82,15.81,15.6,43662.52,0.13,0.83,15.86,16.049,16.004,61117.62,77202.22,77975.64,3.7
2019-04-11,15.87,15.97,15.68,15.65,56260.32,-0.12,-0.76,15.962,16.0,16.02,68368.71,78111.01,82575.47,4.77
2019-04-10,15.93,15.93,15.8,15.62,62848.28,-0.29,-1.8,16.096,15.992,16.079,72338.51,77478.59,89021.32,5.33
2019-04-09,15.82,16.16,16.09,15.82,56943.3,0.17,1.07,16.22,15.952,16.18,85088.47,77846.09,100395.09,4.83
2019-04-08,16.38,16.43,15.92,15.77,85873.67,-0.4,-2.45,16.25,15.911,16.236,94983.19,78897.98,106875.48,7.28
2019-04-04,16.4,16.5,16.32,16.22,79917.98,-0.03,-0.18,16.238,15.921,16.268,93286.82,79381.25,115003.62,6.77
2019-04-03,16.36,16.42,16.35,16.2,76109.3,-0.07,-0.43,16.038,15.909,16.322,87853.31,80196.17,126853.91,6.45
2019-04-02,16.32,16.5,16.42,16.07,126598.1,0.18,1.11,15.888,15.891,16.328,82618.67,81397.41,134850.66,10.73
2019-04-01,15.92,16.26,16.24,15.85,106416.9,0.38,2.4,15.684,15.885,16.308,70603.71,78981.84,135830.23,9.02
2019-03-29,15.35,15.9,15.86,15.25,77391.83,0.54,3.52,15.572,15.921,16.285,62812.76,76663.74,139025.81,6.56
2019-03-28,15.54,15.65,15.32,15.32,52750.4,-0.28,-1.79,15.604,15.958,16.277,65475.68,78749.06,139590.21,4.47
2019-03-27,15.55,15.61,15.6,15.29,49936.11,0.2,1.3,15.78,16.039,16.302,72539.03,87039.93,142401.74,4.23
2019-03-26,15.77,15.84,15.4,15.32,66523.3,-0.28,-1.79,15.894,16.165,16.307,80176.16,100564.06,147980.53,5.64
2019-03-25,15.74,15.92,15.68,15.64,67462.16,-0.34,-2.12,16.086,16.408,16.33,87359.98,122944.09,157853.49,5.72
2019-03-22,16.18,16.25,16.02,15.75,90706.42,-0.18,-1.11,16.27,16.561,16.339,90514.72,134852.99,165944.54,7.69
2019-03-21,16.16,16.34,16.2,16.11,88067.16,0.03,0.19,16.312,16.615,16.298,92022.44,150625.99,167417.54,7.46
2019-03-20,16.41,16.54,16.17,16.03,88121.74,-0.19,-1.16,16.298,16.734,16.246,101540.82,173511.64,172952.01,7.47
2019-03-19,16.65,16.76,16.36,16.25,102442.4,-0.24,-1.45,16.436,16.765,16.217,120951.97,188303.91,181921.07,8.68
2019-03-18,16.29,16.62,16.6,16.13,83235.9,0.37,2.28,16.73,16.731,16.144,158528.2,192678.62,183812.09,7.05
2019-03-15,16.26,16.38,16.23,16.05,98245.0,0.1,0.62,16.852,16.649,16.071,179191.26,201387.88,188043.07,8.33
2019-03-14,16.79,16.97,16.13,15.88,135659.08,-0.73,-4.33,16.918,16.596,15.994,209229.55,200431.37,190730.25,11.5
2019-03-13,17.6,17.73,16.86,16.76,185177.45,-0.97,-5.44,17.17,16.565,15.936,245482.46,197763.56,193107.61,15.69
2019-03-12,17.28,18.2,17.83,17.05,290323.56,0.62,3.6,17.094,16.449,15.833,255655.86,195397.0,191291.65,24.6
2019-03-11,16.45,17.26,17.21,16.23,186551.19,0.65,3.92,16.732,16.251,15.677,226829.05,192762.89,183869.83,15.81
2019-03-08,16.88,17.3,16.56,16.51,248436.45,-0.83,-4.77,16.446,16.117,15.546,223584.51,197036.09,180603.63,21.05
2019-03-07,16.7,17.59,17.39,16.68,316923.66,0.91,5.52,16.274,15.98,15.414,191633.19,184209.09,171795.18,26.86
2019-03-06,16.22,16.58,16.48,16.11,236044.42,0.46,2.87,15.96,15.757,15.217,150044.65,172392.38,159353.47,20.0
2019-03-05,15.68,16.08,16.02,15.64,146189.53,0.24,1.52,15.804,15.669,15.081,135138.13,175538.23,152089.44,12.39
2019-03-04,15.74,16.09,15.78,15.62,170328.5,0.08,0.51,15.77,15.557,14.954,158696.73,174945.56,149485.79,14.43
2019-03-01,15.89,15.95,15.7,15.55,88679.84,-0.12,-0.76,15.788,15.493,14.882,170487.66,174698.26,144068.34,7.52
2019-02-28,15.66,15.85,15.82,15.52,108980.96,0.12,0.76,15.686,15.392,14.81,176785.0,181029.13,144241.94,9.24
2019-02-27,15.7,16.11,15.7,15.51,161511.84,-0.15,-0.95,15.554,15.307,14.757,194740.11,188451.66,145758.85,13.69
2019-02-26,15.72,16.34,15.85,15.52,263982.53,-0.02,-0.13,15.534,15.216,14.718,215938.32,187186.3,142778.63,22.37
2019-02-25,15.2,15.94,15.87,15.15,229283.14,0.68,4.48,15.344,15.103,14.661,191194.38,174976.77,133562.21,19.43
2019-02-22,15.08,15.2,15.19,14.94,120166.51,0.03,0.2,15.198,14.975,14.597,178908.87,164171.17,126754.28,10.18
2019-02-21,15.43,15.55,15.16,15.06,198756.52,-0.44,-2.82,15.098,14.848,14.557,185273.26,159381.26,124192.96,16.84
2019-02-20,14.9,15.89,15.6,14.9,267502.91,0.7,4.7,15.06,14.677,14.513,182163.22,146314.56,118671.2,22.67
2019-02-19,15.27,15.28,14.9,14.78,140262.8,-0.24,-1.58,14.898,14.492,14.47,158434.27,128640.65,110595.48,11.89
2019-02-18,14.85,15.18,15.14,14.72,167855.59,0.45,3.06,14.862,14.351,14.463,158759.16,124026.03,111764.16,14.23
2019-02-15,15.0,15.3,14.69,14.69,151988.48,-0.28,-1.87,14.752,14.27,14.461,149433.47,113438.41,116967.15,12.88
2019-02-14,14.79,15.37,14.97,14.65,183206.3,0.18,1.22,14.598,14.227,14.473,133489.27,107454.75,120321.03,15.53
2019-02-13,14.6,14.93,14.79,14.45,148858.17,0.07,0.48,14.294,14.207,14.454,110465.9,103066.03,123396.46,12.62
2019-02-12,14.69,14.89,14.72,14.44,141887.28,0.13,0.89,14.086,14.22,14.405,98847.04,98370.97,119196.53,12.02
2019-02-11,13.98,14.65,14.59,13.95,121227.12,0.67,4.81,13.84,14.218,14.355,89292.9,92147.66,114155.05,10.27
2019-02-01,13.49,13.99,13.92,13.49,72267.46,0.47,3.49,13.788,14.219,14.322,77443.36,89337.38,110866.56,6.12
2019-01-31,13.86,13.92,13.45,13.33,68089.45,-0.3,-2.18,13.856,14.265,14.313,81420.23,89004.65,110017.38,5.77
2019-01-30,13.29,14.25,13.75,13.29,90763.89,0.26,1.93,14.12,14.348,14.315,95666.17,91027.85,108470.54,7.69
2019-01-29,14.23,14.23,13.49,13.1,94116.6,-0.84,-5.86,14.354,14.447,14.302,97894.9,92550.31,106599.1,7.98
2019-01-28,14.3,14.55,14.33,14.08,61979.38,0.07,0.49,14.596,14.575,14.317,95002.41,99502.28,105219.17,5.25
2019-01-25,14.58,14.68,14.26,14.26,92151.85,-0.51,-3.45,14.65,14.652,14.304,101231.41,120495.89,107024.48,7.81
2019-01-24,14.8,15.5,14.77,14.61,139319.12,-0.15,-1.0,14.674,14.718,14.317,96589.07,133187.31,109687.43,11.81
2019-01-23,14.61,14.92,14.92,14.52,101907.55,0.22,1.5,14.576,14.7,14.292,86389.54,143726.9,107654.37,8.64
2019-01-22,14.48,14.75,14.7,14.33,79654.13,0.1,0.69,14.54,14.589,14.278,87205.72,140022.08,109737.26,6.75
2019-01-21,14.53,14.79,14.6,14.52,93124.41,0.22,1.53,14.554,14.492,14.255,104002.15,136162.44,110577.39,7.89
2019-01-18,14.22,14.53,14.38,14.21,68940.13,0.1,0.7,14.654,14.424,14.219,139760.37,132395.74,107994.3,5.84
2019-01-17,14.69,14.72,14.28,14.25,88321.46,-0.46,-3.12,14.762,14.361,14.187,169785.56,131030.1,107186.51,7.48
2019-01-16,14.6,14.99,14.74,14.52,105988.46,-0.03,-0.2,14.824,14.281,14.178,201064.26,125913.23,107263.08,8.98
2019-01-15,14.87,14.93,14.77,14.3,163636.28,-0.33,-2.19,14.638,14.156,14.137,192838.45,120647.9,104333.79,13.87
2019-01-14,15.2,16.1,15.1,14.71,271915.53,0.18,1.21,14.43,14.058,14.081,168322.74,110936.07,98603.62,23.04
2019-01-11,14.33,14.99,14.92,14.15,219066.06,0.33,2.26,14.194,13.956,14.022,125031.11,93553.07,87674.75,18.56
2019-01-10,14.14,15.19,14.59,14.14,244714.95,0.78,5.65,13.96,13.916,13.977,92274.64,86187.55,78899.21,20.74
2019-01-09,13.73,14.08,13.81,13.71,64859.42,0.08,0.58,13.738,13.883,13.943,50762.19,71581.84,68521.7,5.5
2019-01-08,13.94,13.94,13.73,13.7,41057.73,-0.19,-1.36,13.674,13.966,13.942,48457.35,79452.44,68331.5,3.48
2019-01-07,13.87,13.99,13.92,13.72,55457.4,0.17,1.24,13.686,14.017,13.972,53549.39,84992.33,69783.07,4.7
2019-01-04,13.2,13.77,13.75,13.16,55283.72,0.27,2.0,13.718,14.013,14.001,62075.03,83592.87,73465.85,4.69
2019-01-03,13.48,13.75,13.48,13.45,37152.7,-0.01,-0.07,13.872,14.012,14.015,80100.46,83342.91,73829.18,3.15
2019-01-02,13.82,13.82,13.49,13.44,53335.19,-0.3,-2.17,14.028,14.075,14.057,92401.48,88612.94,76811.03,4.52
2018-12-28,14.15,14.26,13.79,13.79,66517.96,-0.29,-2.06,14.258,14.118,14.072,110447.53,88019.69,77333.7,5.64
2018-12-27,14.72,14.78,14.08,14.03,98085.59,-0.44,-3.03,14.348,14.104,14.05,116435.27,86271.17,76442.96,8.31
2018-12-26,14.25,14.85,14.52,14.25,145410.88,0.26,1.82,14.308,14.088,14.014,105110.7,81796.43,75343.36,12.32
2018-12-25,14.38,14.44,14.26,13.85,98657.76,-0.38,-2.6,14.152,14.037,13.985,86585.36,71610.87,71063.47,8.36
2018-12-24,14.31,14.68,14.64,14.25,143565.44,0.4,2.81,14.122,14.002,13.955,84824.4,65461.56,68203.2,12.17
2018-12-21,13.79,14.3,14.24,13.72,96456.66,0.36,2.59,13.978,13.917,13.906,65591.85,57210.57,63636.53,8.17
2018-12-20,13.7,13.88,13.88,13.65,41462.77,0.14,1.02,13.86,13.926,13.881,56107.08,54573.81,63591.44,3.51
2018-12-19,14.01,14.09,13.74,13.71,52784.16,-0.37,-2.62,13.868,13.989,13.92,58482.16,63338.84,64240.51,4.47
2018-12-18,13.87,14.47,14.11,13.75,89852.96,0.19,1.36,13.922,14.017,13.971,56636.39,64315.45,65114.13,7.61
2018-12-17,13.58,14.0,13.92,13.55,47402.69,0.27,1.98,13.882,14.038,13.999,46098.73,65009.12,66206.55,4.02
2018-12-14,13.92,14.09,13.65,13.6,49032.82,-0.27,-1.94,13.856,14.026,14.069,48829.3,66647.72,70482.04,4.16
2018-12-13,14.01,14.15,13.92,13.81,53338.19,-0.09,-0.64,13.992,13.996,14.137,53040.54,66614.74,75256.73,4.52
2018-12-12,13.96,14.18,14.01,13.91,43555.29,0.1,0.72,14.11,13.939,14.208,68195.51,68890.29,82719.46,3.69
2018-12-11,13.89,13.93,13.91,13.73,37164.66,0.12,0.87,14.112,13.933,14.271,71994.51,70516.06,95677.63,3.15
2018-12-10,14.2,14.2,13.79,13.72,61055.52,-0.54,-3.77,14.194,13.907,14.286,83919.52,70944.85,99255.12,5.17
2018-12-07,14.53,14.54,14.33,14.25,70089.06,-0.18,-1.24,14.196,13.894,14.297,84466.14,70062.48,99556.1,5.94
2018-12-06,13.97,14.59,14.51,13.8,129113.0,0.49,3.5,14.0,13.836,14.263,80188.93,72609.08,98526.82,10.94
2018-12-05,13.94,14.28,14.02,13.87,62550.32,-0.3,-2.1,13.768,13.851,14.225,69585.07,65142.19,95896.86,5.3
2018-12-04,13.8,14.38,14.32,13.71,96789.69,0.52,3.77,13.754,13.925,14.229,69037.61,65912.8,96532.31,8.2
2018-12-03,13.69,13.87,13.8,13.59,63788.63,0.45,3.37,13.62,13.959,14.217,57970.17,67403.98,97111.46,5.41
2018-11-30,13.35,13.48,13.35,13.05,48703.03,0.0,0.0,13.592,14.111,14.257,55658.82,74316.37,102101.95,4.13
2018-11-29,13.99,14.15,13.35,13.33,76093.66,-0.6,-4.3,13.672,14.277,14.311,65029.22,83898.73,106775.47,6.45
2018-11-28,13.62,13.96,13.95,13.51,59813.02,0.3,2.2,13.934,14.476,14.34,60699.3,96548.63,109582.02,5.07
2018-11-27,13.77,13.84,13.65,13.52,41452.52,-0.01,-0.07,14.096,14.609,14.352,62787.99,120839.21,112886.79,3.51
2018-11-26,13.79,13.98,13.66,13.58,52231.89,-0.09,-0.66,14.298,14.665,14.355,76837.79,127565.4,114505.05,4.43
2018-11-23,14.74,14.75,13.75,13.66,95555.0,-0.91,-6.21,14.63,14.699,14.344,92973.91,129049.71,114898.02,8.1
2018-11-22,14.76,14.92,14.66,14.6,54444.09,-0.1,-0.68,14.882,14.69,14.34,102768.24,124444.56,113431.47,4.61
2018-11-21,14.46,14.77,14.76,14.35,70256.46,0.1,0.68,15.018,14.598,14.302,132397.96,126651.53,115141.22,5.95
2018-11-20,15.16,15.16,14.66,14.56,111701.51,-0.66,-4.31,15.122,14.532,14.286,178890.43,127151.82,116739.18,9.47
2018-11-19,15.09,15.41,15.32,15.03,132912.48,0.31,2.06,15.032,14.474,14.296,178293.01,126818.94,119457.57,11.26
2018-11-16,15.28,15.29,15.01,14.95,144526.67,-0.33,-2.15,14.768,14.403,14.264,165125.52,129887.53,118781.55,12.25
2018-11-15,15.01,15.4,15.34,14.93,202592.67,0.06,0.39,14.498,14.344,14.21,146120.89,129652.21,115595.85,17.17
2018-11-14,14.24,15.63,15.28,14.24,302718.81,1.07,7.53,14.178,14.204,14.131,120905.1,122615.4,110462.55,25.65
2018-11-13,13.75,14.26,14.21,13.71,108714.43,0.21,1.5,13.942,14.094,14.101,75413.22,104934.37,100444.59,9.21
2018-11-12,13.68,14.01,14.0,13.68,67075.0,0.34,2.49,13.916,14.044,14.123,75344.86,101444.7,101107.56,5.68
2018-11-09,13.74,13.88,13.66,13.62,49503.52,-0.08,-0.58,14.038,13.989,14.154,94649.55,100746.32,101504.01,4.2
2018-11-08,14.19,14.25,13.74,13.72,76513.74,-0.36,-2.55,14.19,13.99,14.203,113183.53,102418.38,105441.35,6.48
2018-11-07,14.08,14.28,14.1,14.02,75259.41,0.02,0.14,14.23,14.006,14.286,124325.71,103630.91,108933.44,6.38
2018-11-06,14.31,14.46,14.08,13.85,108372.62,-0.53,-3.63,14.246,14.04,14.437,134455.51,106326.54,113692.07,9.18
2018-11-05,14.94,15.13,14.61,14.4,163598.45,0.19,1.32,14.172,14.118,14.561,127544.55,112096.2,112512.15,13.86
2018-11-02,14.17,14.54,14.42,14.07,142173.44,0.48,3.44,13.94,14.124,14.641,106843.1,107675.57,109766.93,12.05
2018-11-01,14.18,14.55,13.94,13.93,132224.62,-0.24,-1.69,13.79,14.076,14.744,91653.22,101539.5,108396.88,11.21
2018-10-31,13.85,14.44,14.18,13.71,125908.43,0.47,3.43,13.782,14.057,14.847,82936.11,98309.69,110079.33,10.67
2018-10-30,13.51,13.83,13.71,13.23,73817.79,0.26,1.93,13.834,14.108,14.994,78197.57,95954.82,108283.38,6.26
2018-10-29,13.59,13.79,13.45,13.3,60091.2,-0.22,-1.61,14.064,14.201,15.168,96647.85,100770.41,109233.06,5.09
2018-10-26,13.91,13.99,13.67,13.67,66224.07,-0.03,-0.22,14.308,14.319,15.343,108508.04,102261.71,111520.15,5.61
2018-10-25,13.7,13.97,13.9,13.55,88639.04,-0.54,-3.74,14.362,14.416,15.507,111425.77,108464.32,114253.91,7.51
2018-10-24,14.69,14.86,14.44,14.26,102215.76,-0.42,-2.83,14.332,14.566,15.682,113683.28,114235.98,117382.51,8.66
2018-10-23,14.58,15.5,14.86,14.51,166069.16,0.19,1.29,14.382,14.833,15.826,113712.07,121057.6,120107.71,14.07
2018-10-22,14.04,14.69,14.67,13.94,119392.15,0.73,5.24,14.338,15.004,15.944,104892.98,112928.1,120681.92,10.12
2018-10-19,13.4,13.99,13.94,13.23,80812.76,0.19,1.38,14.33,15.157,16.136,96015.38,111858.29,128718.62,6.85
2018-10-18,14.46,14.47,13.75,13.52,99926.56,-0.94,-6.4,14.47,15.412,16.456,105502.86,115254.26,139612.59,8.47
2018-10-17,14.84,14.96,14.69,14.13,102359.7,0.05,0.34,14.8,15.637,16.819,114788.68,121848.97,156414.07,8.67
2018-10-16,14.6,15.18,14.64,13.9,121973.72,0.01,0.07,15.284,15.88,17.179,128403.14,120611.95,167824.75,10.34
2018-10-15,14.75,15.08,14.63,14.6,75004.14,-0.01,-0.07,15.67,16.134,17.442,120963.21,117695.7,177620.36,6.36
2018-10-12,15.0,15.25,14.64,13.92,128250.16,-0.76,-4.93,15.984,16.367,17.699,127701.2,120778.59,187302.74,10.87
2018-10-11,16.35,16.62,15.4,15.4,146355.69,-1.71,-9.99,16.354,16.598,17.966,125005.67,120043.51,197903.67,12.4
2018-10-10,16.58,17.32,17.11,16.41,170431.98,0.54,3.26,16.474,16.797,18.125,128909.25,120529.04,201878.83,14.44
2018-10-09,16.3,16.77,16.57,16.2,84774.09,0.37,2.28,16.476,16.819,18.177,112820.75,119157.83,198744.85,7.18
2018-10-08,16.17,16.85,16.2,16.02,108694.1,-0.29,-1.76,16.598,16.883,18.255,114428.19,128435.74,200323.2,9.21
2018-09-28,16.12,16.72,16.49,16.02,114772.49,0.49,3.06,16.75,17.114,18.35,113855.97,145578.96,202623.21,9.73
2018-09-27,17.12,17.2,16.0,15.99,165873.61,-1.12,-6.54,16.842,17.5,18.466,115081.36,163970.91,205270.65,14.06
2018-09-26,17.28,17.33,17.12,17.02,89989.48,-0.06,-0.35,17.12,18.0,18.598,112148.82,190979.16,205009.54,7.63
2018-09-25,16.94,17.34,17.18,16.9,92811.28,0.22,1.3,17.162,18.477,18.717,125494.9,215037.55,207264.31,7.87
2018-09-21,17.01,17.19,16.96,16.7,105832.99,0.01,0.06,17.168,18.749,18.853,142443.29,237545.02,210085.86,8.97
2018-09-20,17.25,17.28,16.95,16.91,120899.43,-0.44,-2.53,17.478,19.031,18.978,177301.94,253826.89,211990.03,10.25
2018-09-19,17.16,17.65,17.39,16.9,151210.94,0.06,0.35,18.158,19.333,19.127,212860.47,275763.84,212977.81,12.81
2018-09-18,17.03,17.47,17.33,16.66,156719.84,0.12,0.7,18.88,19.452,19.241,269809.5,283228.61,213546.13,13.28
2018-09-17,17.79,17.79,17.21,17.01,177553.27,-1.3,-7.02,19.792,19.534,19.399,304580.2,278331.87,213130.08,15.05
2018-09-14,20.13,20.65,18.51,18.42,280126.22,-1.84,-9.04,20.33,19.626,19.568,332646.75,272210.66,213627.94,23.74
2018-09-13,20.4,20.85,20.35,19.75,298692.06,-0.65,-3.1,20.584,19.586,19.692,330351.83,259667.46,209973.8,25.31
2018-09-12,22.0,22.35,21.0,21.0,435956.12,-0.89,-4.07,20.508,19.432,19.716,338667.2,246570.39,204358.2,36.95
2018-09-11,19.65,21.89,21.89,19.5,330573.34,1.99,10.0,20.024,19.195,19.752,296647.73,219039.91,193693.49,28.01
2018-09-10,19.78,21.54,19.9,19.6,317886.03,0.12,0.61,19.276,18.956,19.79,252083.53,199491.07,198529.12,26.94
2018-09-07,19.51,19.85,19.78,18.9,268651.62,-0.19,-0.95,18.922,18.956,19.971,211774.57,182626.7,195866.28,22.77
2018-09-06,18.33,20.43,19.97,18.2,340268.91,1.39,7.48,18.588,18.924,20.052,188983.08,170153.17,194854.94,28.84
2018-09-05,18.18,19.47,18.58,18.03,225858.73,0.43,2.37,18.356,18.92,20.091,154473.57,150191.79,189961.25,19.14
2018-09-04,18.0,18.28,18.15,17.8,107752.37,0.02,0.11,18.366,19.029,20.167,141432.09,143863.64,192388.56,9.13
2018-09-03,18.31,18.56,18.13,17.7,116341.21,0.02,0.11,18.636,19.263,20.366,146898.6,147928.28,197750.28,9.86
2018-08-31,18.62,18.66,18.11,17.84,154694.19,-0.7,-3.72,18.99,19.51,20.527,153478.83,155045.22,202302.01,13.11
2018-08-30,18.73,19.49,18.81,18.6,167721.34,0.18,0.97,19.26,19.797,20.765,151323.25,160280.14,205197.93,14.21
2018-08-29,19.53,19.53,18.63,18.51,160651.36,-0.87,-4.46,19.484,19.999,21.036,145910.01,162146.02,210336.57,13.61
2018-08-28,19.65,19.78,19.5,19.31,135084.92,-0.4,-2.01,19.692,20.309,21.412,146295.18,168347.08,214264.53,11.45
2018-08-27,19.59,19.96,19.9,19.22,149242.36,0.44,2.26,19.89,20.624,21.816,148957.96,197567.16,221623.73,12.65
2018-08-24,19.98,20.3,19.46,19.33,143916.28,-0.47,-2.36,20.03,20.985,22.156,156611.61,209105.85,224204.6,12.2
2018-08-23,19.9,20.3,19.93,19.67,140655.12,0.26,1.32,20.334,21.179,22.51,169237.03,219556.72,231264.23,11.92
2018-08-22,20.4,20.77,19.67,19.65,162577.22,-0.82,-4.0,20.514,21.261,22.922,178382.04,229730.71,244578.34,13.78
2018-08-21,20.5,20.67,20.49,19.9,148398.83,-0.11,-0.53,20.926,21.304,23.488,190398.98,240913.48,259397.17,12.58
2018-08-20,20.5,20.65,20.6,19.61,187510.59,-0.39,-1.86,21.358,21.469,24.06,246176.37,247572.27,271971.01,15.89
2018-08-17,21.21,21.99,20.98,20.9,207043.39,0.18,0.86,21.94,21.544,24.63,261600.1,249558.81,282014.15,17.55
2018-08-16,21.11,21.65,20.83,20.61,186380.16,-0.88,-4.05,22.024,21.732,25.148,269876.41,250115.71,292531.67,15.79
2018-08-15,22.08,22.48,21.73,21.57,222661.91,-0.94,-4.15,22.008,22.073,25.693,281079.38,258527.11,310241.35,18.87
2018-08-14,24.3,24.9,22.65,22.6,427285.78,-0.86,-3.66,21.682,22.515,26.364,291427.99,260181.99,342660.31,36.21
2018-08-13,20.74,23.51,23.51,20.5,264629.25,2.14,10.01,21.58,23.008,26.914,248968.17,245680.3,322602.24,22.43
2018-08-10,20.6,21.68,21.4,20.45,248424.94,0.67,3.23,21.148,23.326,27.268,237517.52,239303.34,309881.72,21.05
2018-08-09,19.75,21.6,20.75,19.58,242395.0,0.77,3.85,21.44,23.841,27.589,230355.01,242971.74,297704.69,20.54
2018-08-08,21.8,21.89,20.1,19.91,274404.97,-2.02,-9.13,22.138,24.582,27.815,235974.85,259425.97,286021.35,23.25
2018-08-07,21.58,22.17,22.14,21.1,214986.7,0.8,3.75,23.348,25.672,27.959,228935.98,277880.86,273067.1,18.22
2018-08-06,22.59,22.75,21.35,21.01,207375.98,-1.47,-6.44,24.436,26.65,27.897,242392.43,296369.75,262626.01,17.57
2018-08-03,24.0,24.35,22.86,22.58,212612.42,-1.38,-5.69,25.504,27.716,27.779,241089.17,314469.49,252593.99,18.02
2018-08-02,25.76,25.76,24.24,23.6,270494.19,-1.92,-7.34,26.242,28.564,28.037,255588.46,334947.63,254698.28,22.92
2018-08-01,27.6,27.7,26.15,26.0,239210.62,-1.41,-5.12,27.026,29.313,28.248,282877.1,361955.58,253820.73,20.27
2018-07-31,26.68,27.99,27.58,26.52,282268.94,0.9,3.37,27.996,30.213,28.372,326825.74,425138.64,254680.15,23.92
2018-07-30,26.3,26.93,26.69,26.08,200859.66,0.17,0.64,28.864,30.82,28.421,350347.08,399524.19,252955.85,17.02
2018-07-27,28.0,28.37,26.55,26.5,285108.88,-1.64,-5.82,29.928,31.21,28.537,387849.82,380460.09,256428.93,24.16
2018-07-26,29.18,29.54,28.16,27.91,406937.38,-2.85,-9.19,30.886,31.336,28.679,414306.79,352437.65,254380.36,34.49
2018-07-25,31.9,33.97,31.0,30.86,458953.84,-0.95,-2.97,31.6,31.048,28.718,441034.07,312616.72,242645.2,38.89
2018-07-24,31.7,32.65,31.92,31.18,399875.62,-0.07,-0.22,32.43,30.246,28.528,523451.54,268253.34,224619.48,33.89
2018-07-23,30.5,32.37,32.01,30.2,388373.38,0.71,2.27,32.776,29.143,28.22,448701.3,228882.27,208687.11,32.91
2018-07-20,31.0,32.56,31.34,29.87,417393.75,-0.41,-1.29,32.492,27.841,27.841,373070.36,190718.48,190718.48,35.37
2018-07-19,32.77,33.8,31.73,31.64,540573.75,-3.43,-9.76,31.786,27.452,27.452,290568.51,165532.34,165532.34,45.81
2018-07-18,35.97,35.97,35.15,34.33,871041.19,1.5,4.46,30.496,26.918,26.918,184199.37,118652.16,118652.16,73.82
2018-07-17,33.65,33.65,33.65,33.65,26124.42,3.06,10.0,28.062,25.741,25.741,13055.15,11168.02,11168.02,2.21
2018-07-16,30.59,30.59,30.59,30.59,10218.67,2.78,10.0,25.51,24.423,24.423,9063.23,8675.28,8675.28,0.87
2018-07-13,27.81,27.81,27.81,27.81,4884.5,2.53,10.01,23.19,23.19,23.19,8366.61,8366.61,8366.61,0.41
2018-07-12,25.28,25.28,25.28,25.28,8728.07,2.3,10.01,22.035,22.035,22.035,9237.13,9237.13,9237.13,0.74
2018-07-11,22.98,22.98,22.98,22.98,15320.09,2.09,10.01,20.953,20.953,20.953,9406.82,9406.82,9406.82,1.3
2018-07-10,20.89,20.89,20.89,20.89,6164.84,1.9,10.01,19.94,19.94,19.94,6450.19,6450.19,6450.19,0.52
2018-07-09,18.99,18.99,18.99,18.99,6735.53,1.73,10.02,18.99,18.99,18.99,6735.53,6735.53,6735.53,0.57
