01-08,1.7560,1.7560
