01-08,1.1103,1.1103
