01-08,1.1172,1.1172
