date,open,high,close,low,volume,price_change,p_change,ma5,ma10,ma20,v_ma5,v_ma10,v_ma20,turnover
2021-01-05,2.79,2.79,2.77,2.75,12534.65,0.0,0.0,2.722,2.715,2.777,11215.83,15757.87,16564.62,0.18
2021-01-04,2.68,2.78,2.77,2.68,15513.25,0.07,2.59,2.71,2.706,2.787,11103.39,17216.97,16926.49,0.23
2020-12-31,2.69,2.77,2.7,2.68,11249.0,0.01,0.37,2.696,2.703,2.794,10444.86,16868.19,17146.23,0.17
2020-12-30,2.67,2.7,2.69,2.66,9514.24,0.01,0.37,2.69,2.71,2.804,11097.1,17966.75,17168.18,0.14
2020-12-29,2.71,2.71,2.68,2.66,7268.0,-0.03,-1.11,2.692,2.721,2.815,14608.94,18736.99,17488.76,0.11
2020-12-28,2.69,2.74,2.71,2.66,11972.44,0.01,0.37,2.708,2.74,2.826,20299.92,20730.95,18004.44,0.18
2020-12-25,2.63,2.7,2.7,2.63,12220.64,0.03,1.12,2.702,2.758,2.836,23330.56,20463.9,18866.24,0.18
2020-12-24,2.7,2.71,2.67,2.63,14510.2,-0.03,-1.11,2.71,2.777,2.846,23291.52,20993.61,20084.93,0.21
2020-12-23,2.73,2.79,2.7,2.68,27073.44,-0.06,-2.17,2.73,2.799,2.857,24836.4,21009.58,21304.46,0.4
2020-12-22,2.64,2.81,2.76,2.64,35722.86,0.08,2.98,2.75,2.819,2.869,22865.03,19600.74,21771.06,0.53
2020-12-21,2.74,2.74,2.68,2.61,27125.64,-0.06,-2.19,2.772,2.839,2.88,21161.98,17371.37,21980.62,0.4
2020-12-18,2.77,2.77,2.74,2.73,12025.44,-0.03,-1.08,2.814,2.867,2.897,17597.25,16636.01,22553.35,0.18
2020-12-17,2.79,2.82,2.77,2.74,22234.6,-0.03,-1.07,2.844,2.884,2.912,18695.7,17424.27,22597.11,0.33
2020-12-16,2.86,2.86,2.8,2.8,17216.6,-0.07,-2.44,2.868,2.897,2.925,17182.77,16369.61,22467.18,0.25
2020-12-15,2.86,2.88,2.87,2.8,27207.6,-0.02,-0.69,2.888,2.908,2.937,16336.45,16240.53,22393.88,0.4
2020-12-14,2.88,2.89,2.89,2.83,9302.02,0.0,0.0,2.906,2.912,2.947,13580.77,15277.93,22112.07,0.14
2020-12-11,2.88,2.89,2.89,2.83,17517.69,0.0,0.0,2.92,2.913,2.956,15674.78,17268.57,22426.86,0.26
2020-12-10,2.9,2.9,2.89,2.86,14669.93,-0.01,-0.34,2.924,2.914,2.965,16152.84,19176.25,22147.68,0.22
2020-12-09,2.95,2.95,2.9,2.89,12985.0,-0.06,-2.03,2.926,2.915,2.974,15556.45,21599.34,22509.57,0.19
2020-12-08,2.94,2.97,2.96,2.93,13429.2,0.0,0.0,2.928,2.919,2.982,16144.61,23941.39,22980.42,0.2
2020-12-07,2.91,2.96,2.96,2.9,19772.06,0.05,1.72,2.918,2.921,2.988,16975.09,26589.87,23544.81,0.29
2020-12-04,2.89,2.91,2.91,2.86,19908.0,0.01,0.34,2.906,2.927,2.998,18862.37,28470.68,23370.38,0.29
2020-12-03,2.91,2.92,2.9,2.88,11688.0,-0.01,-0.34,2.904,2.939,3.009,22199.66,27769.94,23599.66,0.17
2020-12-02,2.91,2.95,2.91,2.9,15925.8,0.0,0.0,2.904,2.952,3.019,27642.23,28564.74,23990.44,0.23
2020-12-01,2.89,2.93,2.91,2.87,17581.6,0.01,0.34,2.91,2.965,3.028,31738.16,28547.22,23746.1,0.26
2020-11-30,2.88,2.9,2.9,2.85,29208.43,0.0,0.0,2.924,2.982,3.037,36204.64,28946.2,23611.67,0.43
2020-11-27,2.9,2.94,2.9,2.86,36594.45,0.0,0.0,2.948,2.999,3.048,38079.0,27585.16,23295.75,0.54
2020-11-26,2.95,2.95,2.9,2.89,38900.87,-0.04,-1.36,2.974,3.015,3.062,33340.23,25119.11,22837.63,0.57
2020-11-25,2.99,2.99,2.94,2.92,36405.46,-0.04,-1.34,3.0,3.033,3.073,29487.25,23419.79,21710.49,0.54
2020-11-24,3.02,3.02,2.98,2.97,39914.0,-0.04,-1.32,3.02,3.044,3.084,25356.28,22019.44,20505.09,0.59
2020-11-23,3.01,3.05,3.02,3.0,38580.2,-0.01,-0.33,3.04,3.055,3.093,21687.76,20499.75,18870.49,0.57
2020-11-20,3.03,3.05,3.03,3.0,12900.6,0.0,0.0,3.05,3.068,3.099,17091.32,18270.09,17377.76,0.19
2020-11-19,3.03,3.05,3.03,3.01,19636.0,-0.01,-0.33,3.056,3.079,3.105,16898.0,19429.39,17300.74,0.29
2020-11-18,3.06,3.07,3.04,3.03,15750.6,-0.04,-1.3,3.066,3.085,3.109,17352.33,19416.15,17651.08,0.23
2020-11-17,3.07,3.08,3.08,3.02,21571.4,0.01,0.33,3.068,3.091,3.112,18682.61,18944.99,17508.03,0.32
2020-11-16,3.08,3.1,3.07,3.06,15598.0,0.01,0.33,3.07,3.092,3.117,19311.73,18277.15,18049.86,0.23
2020-11-13,3.07,3.07,3.06,3.04,11934.0,-0.02,-0.65,3.086,3.097,3.119,19448.85,19006.35,18120.28,0.18
2020-11-12,3.05,3.1,3.08,3.03,21907.63,0.03,0.98,3.102,3.108,3.12,21960.78,20556.15,18213.32,0.32
2020-11-11,3.07,3.11,3.05,3.03,22402.0,-0.04,-1.29,3.104,3.113,3.119,21479.97,20001.19,17443.89,0.33
2020-11-10,3.16,3.16,3.09,3.07,24717.03,-0.06,-1.91,3.114,3.124,3.12,19207.37,18990.74,16845.76,0.36
2020-11-09,3.14,3.16,3.15,3.12,16283.6,0.01,0.32,3.114,3.13,3.118,17242.56,17241.24,16238.37,0.24
2020-11-06,3.09,3.16,3.14,3.06,24493.62,0.05,1.62,3.108,3.13,3.114,18563.84,16485.42,16752.85,0.36
2020-11-05,3.1,3.12,3.09,3.07,19503.6,-0.01,-0.32,3.114,3.131,3.112,19151.52,15172.09,16356.76,0.29
2020-11-04,3.09,3.12,3.1,3.07,11039.0,0.01,0.32,3.122,3.132,3.107,18522.4,15886.01,15702.78,0.16
2020-11-03,3.13,3.13,3.09,3.08,14893.0,-0.03,-0.96,3.134,3.132,3.102,18774.11,16071.08,15383.68,0.22
2020-11-02,3.17,3.17,3.12,3.09,22890.0,-0.05,-1.58,3.146,3.141,3.097,17239.91,17822.57,15000.89,0.34
2020-10-30,3.11,3.19,3.17,3.09,27432.0,0.04,1.28,3.152,3.141,3.091,14407.0,17234.21,14313.39,0.4
2020-10-29,3.14,3.15,3.13,3.09,16358.0,-0.03,-0.95,3.148,3.132,3.082,11192.65,15870.49,13896.71,0.24
2020-10-28,3.17,3.17,3.16,3.12,12297.57,0.01,0.32,3.142,3.124,3.079,13249.62,14886.59,13487.27,0.18
2020-10-27,3.15,3.17,3.15,3.12,7221.97,0.0,0.0,3.13,3.115,3.074,13368.05,14700.77,13408.66,0.11
2020-10-26,3.13,3.15,3.15,3.08,8725.48,0.0,0.0,3.136,3.105,3.07,18405.23,15235.5,13690.86,0.13
2020-10-23,3.09,3.19,3.15,3.09,11360.25,0.05,1.61,3.13,3.098,3.067,20061.41,17020.27,14059.44,0.17
2020-10-22,3.12,3.2,3.1,3.07,26642.85,0.0,0.0,3.116,3.092,3.064,20548.33,17541.44,14481.18,0.39
2020-10-21,3.15,3.16,3.1,3.08,12889.68,-0.08,-2.52,3.106,3.081,3.061,16523.56,15519.55,14189.13,0.19
2020-10-20,3.12,3.26,3.18,3.09,32407.88,0.06,1.92,3.1,3.071,3.062,16033.5,14696.29,14354.6,0.48
2020-10-19,3.08,3.15,3.12,3.07,17006.4,0.04,1.3,3.074,3.053,3.056,12065.77,12179.22,14056.64,0.25
2020-10-16,3.05,3.11,3.08,3.05,13794.83,0.03,0.98,3.066,3.04,3.054,13979.13,11392.58,14509.87,0.2
2020-10-15,3.05,3.07,3.05,3.04,6519.0,-0.02,-0.65,3.068,3.032,3.056,14534.55,11922.93,15880.07,0.1
2020-10-14,3.05,3.07,3.07,3.02,10439.4,0.02,0.66,3.056,3.033,3.066,14515.55,12087.95,18616.41,0.15
2020-10-13,3.05,3.08,3.05,3.03,12569.2,-0.03,-0.97,3.042,3.032,3.079,13359.07,12116.55,22532.9,0.19
2020-10-12,3.04,3.1,3.08,3.04,26573.2,-0.01,-0.32,3.032,3.034,3.085,12292.67,12146.23,25873.0,0.39
2020-10-09,3.03,3.1,3.09,2.99,16571.94,0.1,3.34,3.014,3.036,3.087,8806.03,11098.61,25933.16,0.24
2020-09-30,3.0,3.03,2.99,2.98,6424.0,-0.01,-0.33,2.996,3.035,3.087,9311.3,11420.91,26452.53,0.09
2020-09-29,3.0,3.02,3.0,2.99,4657.0,0.0,0.0,3.01,3.041,3.092,9660.34,12858.71,28118.88,0.07
2020-09-28,2.98,3.01,3.0,2.97,7237.2,0.01,0.33,3.022,3.052,3.098,10874.02,14012.91,30412.46,0.11
2020-09-25,3.0,3.02,2.99,2.97,9140.0,-0.01,-0.33,3.036,3.059,3.101,11999.78,15934.06,31884.15,0.13
2020-09-24,3.04,3.05,3.0,3.0,19098.32,-0.06,-1.96,3.058,3.068,3.103,13391.18,17627.16,33962.7,0.28
2020-09-23,3.06,3.09,3.06,3.04,8169.2,0.0,0.0,3.074,3.08,3.1,13530.52,19837.21,33584.03,0.12
2020-09-22,3.05,3.07,3.06,3.04,10725.4,-0.01,-0.33,3.072,3.099,3.093,16057.08,25144.88,34333.8,0.16
2020-09-21,3.11,3.11,3.07,3.06,12866.0,-0.03,-0.97,3.082,3.126,3.087,17151.8,32949.25,34689.29,0.19
2020-09-18,3.08,3.1,3.1,3.05,16097.0,0.02,0.65,3.082,3.136,3.081,19868.33,39599.78,35304.66,0.24
2020-09-17,3.05,3.12,3.08,3.03,19795.0,0.03,0.98,3.078,3.137,3.074,21863.13,40767.71,35704.9,0.29
2020-09-16,3.08,3.1,3.05,3.03,20802.0,-0.06,-1.93,3.086,3.139,3.068,26143.9,41484.15,35434.55,0.31
2020-09-15,3.08,3.12,3.11,3.05,16199.0,0.04,1.3,3.126,3.143,3.065,34232.67,43379.05,35829.59,0.24
2020-09-14,3.09,3.15,3.07,3.05,26448.66,-0.01,-0.33,3.17,3.144,3.06,48746.7,46812.02,36610.39,0.39
2020-09-11,3.08,3.17,3.08,3.05,26071.0,-0.04,-1.28,3.19,3.142,3.059,59331.22,47834.25,36541.21,0.38
2020-09-10,3.25,3.33,3.12,3.1,41198.85,-0.13,-4.0,3.196,3.137,3.057,59672.29,50298.25,36033.56,0.61
2020-09-09,3.29,3.42,3.25,3.22,61245.85,-0.08,-2.4,3.192,3.119,3.054,56824.4,47330.84,35800.08,0.9
2020-09-08,3.15,3.33,3.33,3.15,88769.16,0.16,5.05,3.16,3.086,3.038,52525.43,43522.72,33903.55,1.31
2020-09-07,3.1,3.27,3.17,3.1,79371.25,0.06,1.93,3.118,3.047,3.02,44877.33,36429.33,30562.14,1.17
2020-09-04,3.09,3.13,3.11,3.04,27776.32,0.01,0.32,3.094,3.025,3.012,36337.28,31009.54,27215.91,0.41
2020-09-03,3.08,3.18,3.1,3.08,26959.4,0.01,0.32,3.078,3.01,3.005,40924.21,30642.1,26671.64,0.4
2020-09-02,3.14,3.17,3.09,3.08,39751.04,-0.03,-0.96,3.046,2.996,3.001,37837.29,29384.96,26033.29,0.59
2020-09-01,3.04,3.14,3.12,3.0,50528.62,0.07,2.29,3.012,2.986,2.999,34520.01,28280.12,25061.46,0.74
2020-08-31,3.04,3.06,3.05,2.98,36671.0,0.02,0.66,2.976,2.976,2.997,27981.33,26408.77,25102.49,0.54
2020-08-28,2.94,3.04,3.03,2.94,50711.0,0.09,3.06,2.956,2.975,2.996,25681.81,25248.17,24681.52,0.75
2020-08-27,2.91,2.95,2.94,2.91,11524.8,0.02,0.69,2.942,2.977,2.993,20359.98,21768.87,23640.24,0.17
2020-08-26,2.94,2.96,2.92,2.9,23164.65,-0.02,-0.68,2.946,2.988,2.993,20932.62,24269.32,24568.83,0.34
2020-08-25,2.93,2.97,2.94,2.93,17835.2,-0.01,-0.34,2.96,2.99,2.993,22040.22,24284.37,25151.86,0.26
2020-08-24,2.96,2.97,2.95,2.91,25173.4,-0.01,-0.34,2.976,2.992,2.993,24836.21,24694.95,25041.84,0.37
2020-08-21,2.97,2.99,2.96,2.93,24101.85,0.0,0.0,2.994,2.998,2.989,24814.54,23422.27,25330.22,0.36
2020-08-20,2.97,2.99,2.96,2.95,14388.0,-0.03,-1.0,3.012,3.0,2.988,23177.77,22701.19,25019.68,0.21
2020-08-19,3.02,3.02,2.99,2.98,28702.65,-0.03,-0.99,3.03,3.006,2.991,27606.01,22681.63,25507.02,0.42
2020-08-18,3.01,3.06,3.02,2.99,31815.16,-0.02,-0.66,3.02,3.012,2.993,26528.52,21842.8,24898.88,0.47
2020-08-17,3.06,3.07,3.04,3.02,25065.03,-0.01,-0.33,3.008,3.017,2.994,24553.68,23796.2,24024.3,0.37
2020-08-14,3.04,3.07,3.05,3.0,15918.0,0.0,0.0,3.002,3.017,2.995,22030.0,24114.86,24616.33,0.23
2020-08-13,2.94,3.09,3.05,2.91,36529.23,0.11,3.74,2.988,3.008,2.994,22224.61,25511.6,25073.84,0.54
2020-08-12,2.97,2.97,2.94,2.88,23315.16,-0.02,-0.68,2.982,2.998,2.993,17757.24,24868.34,25503.15,0.34
2020-08-11,3.01,3.01,2.96,2.95,21941.0,-0.05,-1.66,3.004,2.996,3.003,17157.07,26019.34,26655.31,0.32
2020-08-10,2.97,3.03,3.01,2.95,12446.6,0.03,1.01,3.026,2.994,3.011,23038.72,25388.74,27581.86,0.18
2020-08-07,3.01,3.01,2.98,2.97,16891.05,-0.04,-1.32,3.032,2.98,3.015,26199.72,27238.18,30125.69,0.25
2020-08-06,3.04,3.05,3.02,3.01,14192.37,-0.03,-0.98,3.028,2.975,3.022,28798.6,27338.17,33378.83,0.21
2020-08-05,3.07,3.07,3.05,3.02,20314.35,-0.02,-0.65,3.014,2.975,3.02,31979.45,28332.41,34767.87,0.3
2020-08-04,3.05,3.07,3.07,3.01,51349.25,0.03,0.99,2.988,2.973,3.014,34881.61,27954.96,36777.08,0.76
2020-08-03,2.96,3.04,3.04,2.95,28251.6,0.08,2.7,2.962,2.97,3.008,27738.75,24252.4,36468.61,0.42
2020-07-31,2.93,2.96,2.96,2.92,29885.42,0.01,0.34,2.928,2.972,3.004,28276.63,25117.81,37265.9,0.44
2020-07-30,2.9,2.96,2.95,2.88,30096.63,0.03,1.03,2.922,2.98,3.001,25877.74,24636.08,37324.88,0.44
2020-07-29,2.95,2.99,2.92,2.88,34825.16,-0.02,-0.68,2.936,2.987,2.998,24685.37,26137.96,36664.54,0.51
2020-07-28,2.88,2.94,2.94,2.87,15634.96,0.07,2.44,2.958,3.01,2.998,21028.31,27291.27,35595.69,0.23
2020-07-27,2.94,2.94,2.87,2.85,30940.96,-0.06,-2.05,2.978,3.027,2.996,20766.04,29774.98,35333.31,0.46
2020-07-24,2.99,3.02,2.93,2.92,17891.0,-0.09,-2.98,3.016,3.05,2.997,21958.99,33013.2,34568.48,0.26
2020-07-23,3.05,3.06,3.02,2.99,24134.78,-0.01,-0.33,3.038,3.069,3.0,23394.41,39419.49,34390.76,0.36
2020-07-22,3.02,3.05,3.03,3.01,16539.84,-0.01,-0.33,3.038,3.064,3.001,27590.55,41203.33,33676.32,0.24
2020-07-21,3.06,3.07,3.04,3.02,14323.6,-0.02,-0.65,3.062,3.054,3.003,33554.24,45599.2,33583.87,0.21
2020-07-20,3.0,3.08,3.06,2.96,36905.73,0.02,0.66,3.076,3.045,3.007,38783.92,48684.83,33283.81,0.54
2020-07-17,3.01,3.07,3.04,2.87,25068.12,0.02,0.66,3.084,3.035,3.011,44067.4,49413.99,32149.68,0.37
2020-07-16,3.15,3.2,3.02,2.99,45115.47,-0.13,-4.13,3.1,3.021,3.019,55444.56,50013.68,32076.57,0.66
2020-07-15,3.12,3.22,3.15,3.11,46358.28,0.04,1.29,3.09,3.008,3.024,54816.11,47191.11,30311.56,0.68
2020-07-14,3.1,3.21,3.11,3.07,40472.0,0.01,0.32,3.046,2.985,3.02,57644.16,43900.11,28943.2,0.6
2020-07-13,3.15,3.16,3.1,3.02,63323.13,-0.02,-0.64,3.014,2.964,3.022,58585.73,40891.63,29237.8,0.93
2020-07-10,2.96,3.12,3.12,2.93,81953.94,0.15,5.05,2.986,2.944,3.023,54760.58,36123.76,28164.56,1.21
2020-07-09,2.92,2.98,2.97,2.9,41973.21,0.04,1.36,2.942,2.931,3.016,44582.8,29362.03,25193.0,0.62
2020-07-08,2.95,2.96,2.93,2.88,60498.51,-0.02,-0.68,2.926,2.938,3.01,39566.11,26149.31,23496.0,0.89
2020-07-07,2.98,3.03,2.95,2.94,45179.87,-0.01,-0.34,2.924,2.952,3.005,30156.07,21568.54,21259.46,0.67
2020-07-06,2.88,2.98,2.96,2.88,44197.38,0.06,2.07,2.914,2.969,2.998,23197.53,17882.79,20036.26,0.65
2020-07-03,2.88,2.9,2.9,2.81,31065.01,0.01,0.35,2.902,2.986,2.994,17486.94,14885.38,18495.75,0.46
2020-07-02,2.91,2.94,2.89,2.87,16889.8,-0.03,-1.03,2.92,3.017,2.995,14141.26,14139.46,17477.45,0.25
2020-07-01,2.89,2.93,2.92,2.88,13448.28,0.02,0.69,2.95,3.039,2.998,12732.5,13432.02,17732.76,0.2
2020-06-30,2.9,2.92,2.9,2.88,10387.2,0.0,0.0,2.98,3.055,3.003,12981.01,13986.29,17687.26,0.15
2020-06-29,2.99,2.99,2.9,2.88,15644.4,-0.09,-3.01,3.024,3.079,3.009,12568.05,17583.97,17561.76,0.23
2020-06-24,3.05,3.05,2.99,2.98,14336.62,-0.05,-1.65,3.07,3.102,3.014,12283.82,20205.37,17316.89,0.21
2020-06-23,3.08,3.09,3.04,3.01,9846.0,-0.03,-0.98,3.114,3.101,3.012,14137.65,21023.96,17010.32,0.15
2020-06-22,3.09,3.19,3.07,3.05,14690.82,-0.05,-1.6,3.128,3.081,3.01,14131.53,20842.7,17022.88,0.22
2020-06-19,3.12,3.12,3.12,3.08,8322.4,-0.01,-0.32,3.13,3.058,3.005,14991.57,20950.38,16883.34,0.12
2020-06-18,3.18,3.2,3.13,3.11,14223.25,-0.08,-2.49,3.134,3.026,2.999,22599.89,22189.73,17518.62,0.21
2020-06-17,3.11,3.27,3.21,3.11,23605.79,0.1,3.21,3.134,3.002,2.999,28126.91,22106.12,17582.82,0.35
2020-06-16,3.08,3.14,3.11,3.07,9815.4,0.03,0.97,3.088,2.972,2.999,27910.27,20815.44,17119.59,0.14
2020-06-15,3.05,3.14,3.08,3.05,18991.0,-0.06,-1.91,3.034,2.956,3.004,27553.87,22033.5,17075.44,0.28
2020-06-12,3.12,3.24,3.14,3.06,46363.99,0.01,0.32,2.986,2.951,3.012,26909.19,21388.24,17040.27,0.68
2020-06-11,3.05,3.13,3.13,3.02,41858.39,0.15,5.03,2.918,2.938,3.015,21779.56,17539.56,17147.14,0.62
2020-06-10,2.84,2.98,2.98,2.81,22522.59,0.14,4.93,2.87,2.925,3.026,16085.33,14428.42,15378.47,0.33
2020-06-09,2.83,2.85,2.84,2.81,8033.39,0.0,0.0,2.856,2.923,3.047,13720.61,12996.68,14815.58,0.12
2020-06-08,2.8,2.85,2.84,2.8,15767.6,0.04,1.43,2.878,2.938,3.076,16513.13,13203.07,15366.64,0.23
2020-06-05,2.89,2.89,2.8,2.79,20715.85,-0.09,-3.11,2.916,2.952,3.106,15867.29,12816.31,15180.31,0.31
2020-06-04,2.91,2.91,2.89,2.87,13387.2,-0.02,-0.69,2.958,2.971,3.141,13299.56,12847.52,14492.35,0.2
2020-06-03,2.91,2.95,2.91,2.9,10699.0,-0.04,-1.36,2.98,2.996,3.171,12771.52,13059.52,14362.19,0.16
2020-06-02,3.03,3.03,2.95,2.94,21996.0,-0.08,-2.64,2.99,3.025,3.2,12272.76,13423.74,14431.09,0.32
2020-06-01,3.06,3.06,3.03,2.99,12538.4,0.02,0.66,2.998,3.052,3.228,9893.0,12117.38,13862.85,0.18
2020-05-29,3.0,3.02,3.01,2.96,7877.2,0.01,0.33,2.988,3.072,3.252,9765.32,12692.3,13803.24,0.12
2020-05-28,2.96,3.03,3.0,2.85,10747.0,0.04,1.35,2.984,3.091,3.279,12395.48,16754.72,14217.51,0.16
2020-05-27,2.99,3.0,2.96,2.96,8205.2,-0.03,-1.0,3.012,3.127,3.31,13347.52,16328.52,14091.21,0.12
2020-05-26,3.0,3.02,2.99,2.95,10097.2,0.01,0.34,3.06,3.171,3.342,14574.72,16634.48,14489.25,0.15
2020-05-25,3.05,3.05,2.98,2.86,11900.0,-0.01,-0.33,3.106,3.213,3.375,14341.76,17530.22,14436.05,0.18
2020-05-22,3.13,3.13,2.99,2.98,21028.0,-0.15,-4.78,3.156,3.26,3.408,15619.28,17544.32,14289.27,0.31
2020-05-21,3.19,3.19,3.14,3.14,15507.2,-0.06,-1.88,3.198,3.311,3.442,21113.96,16137.18,13946.0,0.23
2020-05-20,3.2,3.25,3.2,3.13,14341.2,-0.02,-0.62,3.242,3.345,3.471,19309.52,15664.87,13692.73,0.21
2020-05-19,3.23,3.27,3.22,3.2,8932.4,-0.01,-0.31,3.282,3.375,3.497,18694.24,15438.45,13957.96,0.13
2020-05-18,3.2,3.25,3.23,3.08,18287.6,0.03,0.94,3.32,3.404,3.521,20718.68,15608.33,13939.99,0.27
2020-05-15,3.31,3.36,3.2,3.19,48501.4,-0.16,-4.76,3.364,3.431,3.543,19469.36,14914.19,13587.06,0.71
2020-05-14,3.4,3.44,3.36,3.36,6485.0,-0.04,-1.18,3.424,3.466,3.568,11160.4,11680.31,11842.57,0.1
2020-05-13,3.45,3.45,3.4,3.36,11264.8,-0.01,-0.29,3.448,3.493,3.587,12020.21,11853.91,12295.96,0.17
2020-05-12,3.45,3.45,3.41,3.34,19054.6,-0.04,-1.16,3.468,3.512,3.608,12182.65,12344.03,13101.94,0.28
2020-05-11,3.5,3.5,3.45,3.44,12041.0,-0.05,-1.43,3.488,3.537,3.628,10497.97,11341.89,13378.08,0.18
2020-05-08,3.48,3.54,3.5,3.47,6956.6,0.02,0.57,3.498,3.556,3.647,10359.01,11034.23,13607.4,0.1
2020-05-07,3.5,3.52,3.48,3.47,10784.05,-0.02,-0.57,3.508,3.573,3.662,12200.22,11754.83,14646.4,0.16
2020-05-06,3.56,3.56,3.5,3.46,12077.0,-0.01,-0.28,3.538,3.596,3.674,11687.61,11720.6,14930.59,0.18
2020-04-30,3.45,3.52,3.51,3.45,10631.2,0.01,0.29,3.556,3.619,3.683,12505.41,12477.48,15280.24,0.16
2020-04-29,3.54,3.58,3.5,3.47,11346.2,-0.05,-1.41,3.586,3.637,3.687,12185.81,12271.66,15209.93,0.17
2020-04-28,3.63,3.64,3.55,3.53,16162.63,-0.08,-2.2,3.614,3.654,3.696,11709.45,12259.94,15126.87,0.24
2020-04-27,3.59,3.68,3.63,3.59,8221.0,0.04,1.11,3.638,3.67,3.701,11309.44,12004.84,15843.22,0.12
2020-04-24,3.66,3.73,3.59,3.59,16166.0,-0.07,-1.91,3.654,3.681,3.704,11753.6,12738.02,18527.49,0.24
2020-04-23,3.65,3.72,3.66,3.64,9033.2,0.02,0.55,3.682,3.704,3.718,12449.56,13859.86,21007.76,0.13
2020-04-22,3.65,3.69,3.64,3.64,8964.4,-0.03,-0.82,3.688,3.718,3.719,12357.52,15414.28,21291.26,0.13
2020-04-21,3.65,3.71,3.67,3.64,14162.6,-0.04,-1.08,3.694,3.737,3.717,12810.44,16180.58,21474.09,0.21
2020-04-20,3.73,3.75,3.71,3.69,10441.8,-0.02,-0.54,3.702,3.75,3.712,12700.24,17537.98,22166.09,0.15
2020-04-17,3.71,3.83,3.73,3.71,19645.8,0.04,1.08,3.708,3.751,3.712,13722.44,18140.58,22722.29,0.29
2020-04-16,3.66,3.7,3.69,3.63,8573.0,0.02,0.55,3.726,3.747,3.712,15270.15,18083.0,23215.71,0.13
2020-04-15,3.76,3.76,3.67,3.66,11229.0,-0.04,-1.08,3.748,3.737,3.715,18471.03,18148.2,24047.26,0.17
2020-04-14,3.72,3.75,3.71,3.69,13611.6,-0.03,-0.8,3.78,3.737,3.723,19550.71,17993.8,25182.26,0.2
2020-04-13,3.78,3.8,3.74,3.72,15552.81,-0.08,-2.09,3.798,3.731,3.726,22375.71,19681.6,26189.0,0.23
2020-04-10,3.81,3.88,3.82,3.77,27384.36,0.02,0.53,3.794,3.727,3.734,22558.72,24316.95,27177.66,0.4
2020-04-09,3.86,3.9,3.8,3.79,24577.4,-0.03,-0.78,3.768,3.731,3.74,20895.85,28155.67,28034.68,0.36
2020-04-08,3.8,3.85,3.83,3.72,16627.4,0.03,0.79,3.726,3.719,3.749,17825.37,27168.25,29368.57,0.24
2020-04-07,3.73,3.89,3.8,3.72,27736.6,0.08,2.15,3.694,3.696,3.754,16436.89,26767.61,31017.88,0.41
2020-04-03,3.7,3.79,3.72,3.66,16467.85,0.03,0.81,3.664,3.673,3.759,16987.49,26794.21,32852.77,0.24
2020-04-02,3.6,3.74,3.69,3.56,19070.0,0.1,2.79,3.66,3.673,3.767,26075.19,27303.99,34155.92,0.28
2020-04-01,3.65,3.67,3.59,3.58,9225.0,-0.08,-2.18,3.694,3.677,3.777,35415.49,28348.42,36346.6,0.14
2020-03-31,3.65,3.69,3.67,3.64,9685.0,0.02,0.55,3.712,3.693,3.783,36511.13,29946.32,36976.19,0.14
2020-03-30,3.61,3.67,3.65,3.57,30489.6,-0.05,-1.35,3.698,3.708,3.787,37098.33,32370.71,37745.99,0.45
2020-03-27,3.87,3.92,3.7,3.68,61906.33,-0.16,-4.14,3.682,3.721,3.792,36600.93,32696.4,37396.27,0.91
2020-03-26,3.71,3.86,3.86,3.68,65771.53,0.18,4.89,3.686,3.741,3.79,28532.79,30038.37,36569.51,0.97
2020-03-25,3.64,3.68,3.68,3.64,14703.2,0.08,2.22,3.66,3.748,3.787,21281.35,27913.69,34389.71,0.22
2020-03-24,3.61,3.64,3.6,3.53,12621.0,0.03,0.84,3.674,3.778,3.793,23381.51,31568.88,35475.34,0.19
2020-03-23,3.7,3.7,3.57,3.56,28002.6,-0.15,-4.03,3.718,3.811,3.804,27643.09,35268.15,37119.15,0.41
2020-03-20,3.73,3.76,3.72,3.69,21565.62,-0.01,-0.27,3.76,3.844,3.819,28791.87,38911.33,37526.21,0.32
2020-03-19,3.74,3.75,3.73,3.68,29514.33,-0.02,-0.53,3.796,3.86,3.828,31543.94,41007.85,38171.31,0.43
2020-03-18,3.84,3.85,3.75,3.75,25204.0,-0.07,-1.83,3.836,3.876,3.835,34546.03,44344.79,37997.71,0.37
2020-03-17,3.77,3.85,3.82,3.66,33928.92,0.04,1.06,3.882,3.873,3.841,39756.25,44006.07,38726.87,0.5
2020-03-16,3.93,3.95,3.78,3.77,33746.46,-0.12,-3.08,3.904,3.865,3.842,42893.2,43121.28,39010.6,0.5
2020-03-13,3.79,3.94,3.9,3.75,35326.01,-0.03,-0.76,3.928,3.863,3.847,49030.79,42096.15,40114.59,0.52
2020-03-12,3.96,4.04,3.93,3.86,44524.74,-0.05,-1.26,3.924,3.839,3.846,50471.75,43100.65,44337.67,0.66
2020-03-11,3.96,4.05,3.98,3.92,51255.14,0.05,1.27,3.916,3.825,3.847,54143.55,40865.74,48608.17,0.75
2020-03-10,3.87,3.93,3.93,3.77,49613.63,0.03,0.77,3.864,3.807,3.835,48255.88,39381.81,50685.2,0.73
2020-03-09,3.87,4.02,3.9,3.83,64434.41,0.02,0.52,3.826,3.797,3.818,43349.35,38970.15,50205.35,0.95
2020-03-06,3.86,3.95,3.88,3.83,42530.85,-0.01,-0.26,3.798,3.794,3.799,35161.51,36141.09,49096.18,0.63
2020-03-05,3.8,3.91,3.89,3.75,62883.71,0.17,4.57,3.754,3.795,3.773,35729.54,35334.77,48516.81,0.93
2020-03-04,3.7,3.75,3.72,3.68,21816.8,-0.02,-0.54,3.734,3.794,3.747,27587.93,31650.63,46844.66,0.32
2020-03-03,3.77,3.83,3.74,3.72,25081.0,-0.02,-0.53,3.75,3.808,3.731,30507.73,33447.68,47368.38,0.37
2020-03-02,3.62,3.78,3.76,3.62,23495.2,0.1,2.73,3.768,3.819,3.712,34590.94,34899.93,48379.35,0.35
2020-02-28,3.71,3.76,3.66,3.6,45371.0,-0.13,-3.43,3.79,3.831,3.69,37120.66,38133.04,47563.24,0.67
2020-02-27,3.8,3.81,3.79,3.75,22175.65,-0.01,-0.26,3.836,3.853,3.682,34940.0,45574.69,46270.88,0.33
2020-02-26,3.77,3.85,3.8,3.75,36415.8,-0.03,-0.78,3.854,3.868,3.67,35713.32,56350.6,46372.41,0.54
2020-02-25,3.83,3.87,3.83,3.68,45497.05,-0.04,-1.03,3.866,3.863,3.656,36387.63,61988.59,45529.87,0.67
2020-02-24,3.86,3.91,3.87,3.83,36143.8,-0.02,-0.51,3.87,3.839,3.642,35208.92,61440.55,44635.65,0.53
2020-02-21,3.83,3.94,3.89,3.83,34467.68,0.01,0.26,3.872,3.804,3.626,39145.41,62051.28,44272.8,0.51
2020-02-20,3.91,3.97,3.88,3.83,26042.28,0.02,0.52,3.87,3.75,3.606,56209.39,61698.86,43341.21,0.38
2020-02-19,3.87,3.96,3.86,3.83,39787.32,0.01,0.26,3.882,3.699,3.586,76987.89,62038.7,42642.15,0.59
2020-02-18,3.87,3.89,3.85,3.83,39603.52,-0.03,-0.77,3.86,3.653,3.569,87589.55,61289.09,41466.26,0.58
2020-02-17,3.87,3.94,3.88,3.81,55826.27,0.0,0.0,3.808,3.605,3.553,87672.18,61858.76,40612.13,0.82
2020-02-14,3.99,4.12,3.88,3.86,119787.57,-0.06,-1.52,3.736,3.549,3.536,84957.14,56993.43,38899.62,1.76
2020-02-13,3.94,3.94,3.94,3.82,129934.75,0.19,5.07,3.63,3.51,3.519,67188.33,46967.06,34003.14,1.91
2020-02-12,3.58,3.77,3.75,3.45,92795.62,0.16,4.46,3.516,3.471,3.499,47089.51,36394.22,28765.54,1.37
2020-02-11,3.52,3.62,3.59,3.48,40016.68,0.07,1.99,3.446,3.448,3.487,34988.63,29071.16,25279.28,0.59
2020-02-10,3.37,3.52,3.52,3.33,42251.08,0.17,5.08,3.402,3.444,3.481,36045.34,27830.76,26437.06,0.62
2020-02-07,3.38,3.38,3.35,3.29,30943.5,-0.02,-0.59,3.362,3.447,3.485,29029.73,26494.33,25943.21,0.46
2020-02-06,3.4,3.42,3.37,3.3,29440.66,-0.03,-0.88,3.39,3.461,3.5,26745.79,24983.56,26153.23,0.43
2020-02-05,3.42,3.45,3.4,3.37,32291.24,0.03,0.89,3.426,3.473,3.513,25698.94,23245.59,25183.85,0.48
2020-02-04,3.15,3.44,3.37,3.15,45300.24,0.05,1.51,3.45,3.484,3.526,23153.69,21643.43,25546.8,0.67
2020-02-03,3.32,3.32,3.32,3.32,7173.0,-0.17,-4.87,3.486,3.5,3.536,19616.17,19365.51,23919.0,0.11
2020-01-23,3.6,3.6,3.49,3.47,19523.82,-0.06,-1.69,3.532,3.523,3.548,23958.93,20805.81,24468.03,0.29
2020-01-22,3.65,3.65,3.55,3.54,24206.4,0.03,0.85,3.532,3.528,3.552,23221.33,21039.23,24440.74,0.36
2020-01-21,3.59,3.59,3.52,3.49,19565.0,-0.03,-0.84,3.52,3.526,3.555,20792.25,21136.85,25269.2,0.29
2020-01-20,3.55,3.66,3.55,3.5,27612.64,0.0,0.0,3.518,3.526,3.562,20133.17,21487.39,25690.66,0.41
2020-01-17,3.49,3.61,3.55,3.45,28886.8,0.06,1.72,3.514,3.518,3.572,19114.84,25043.37,25130.58,0.43
2020-01-16,3.52,3.52,3.49,3.46,15835.8,0.0,0.0,3.514,3.522,3.582,17652.69,25392.09,24909.14,0.23
2020-01-15,3.53,3.53,3.49,3.49,12061.0,-0.02,-0.57,3.524,3.538,3.598,18857.13,27322.91,27140.18,0.18
2020-01-14,3.53,3.56,3.51,3.51,16269.6,-0.02,-0.57,3.532,3.552,3.606,21481.44,27122.11,27941.35,0.24
2020-01-13,3.56,3.59,3.53,3.52,22521.0,-0.02,-0.56,3.534,3.567,3.614,22841.62,29450.17,29878.43,0.33
2020-01-10,3.54,3.58,3.55,3.49,21576.06,0.01,0.28,3.522,3.571,3.613,30971.9,28472.49,29394.58,0.32
2020-01-09,3.53,3.56,3.54,3.52,21858.0,0.01,0.28,3.53,3.572,3.612,33131.48,28130.25,28819.08,0.32
2020-01-08,3.52,3.57,3.53,3.49,25182.56,0.01,0.28,3.552,3.576,3.613,35788.68,27842.25,28402.44,0.37
2020-01-07,3.48,3.54,3.52,3.47,23070.46,0.05,1.44,3.572,3.584,3.611,32762.77,29401.56,27619.62,0.34
2020-01-06,3.56,3.58,3.47,3.47,63172.4,-0.12,-3.34,3.6,3.597,3.61,36058.72,29893.93,27072.55,0.93
2020-01-03,3.62,3.67,3.59,3.58,32374.0,-0.06,-1.64,3.62,3.625,3.61,25973.09,25217.79,24485.05,0.48
2020-01-02,3.75,3.75,3.65,3.62,35144.0,0.02,0.55,3.614,3.641,3.602,23129.01,24426.19,23534.51,0.52
2019-12-31,3.67,3.69,3.63,3.61,10053.0,-0.03,-0.82,3.6,3.657,3.588,19895.81,26957.45,22215.69,0.15
2019-12-30,3.55,3.75,3.66,3.5,39550.19,0.09,2.52,3.596,3.659,3.575,26040.34,28760.6,23392.46,0.55
2019-12-27,3.58,3.62,3.57,3.54,12744.26,0.01,0.28,3.594,3.661,3.561,23729.14,30306.7,21938.31,0.18
2019-12-26,3.56,3.6,3.56,3.53,18153.6,-0.02,-0.56,3.63,3.655,3.554,24462.49,30316.67,21998.35,0.25
2019-12-25,3.55,3.62,3.58,3.54,18978.0,-0.03,-0.83,3.668,3.652,3.544,25723.38,29507.91,22066.62,0.27
2019-12-24,3.65,3.7,3.61,3.57,40775.65,-0.04,-1.1,3.714,3.649,3.538,34019.09,28962.64,21904.35,0.57
2019-12-23,3.73,3.75,3.65,3.63,27994.2,-0.1,-2.67,3.722,3.638,3.531,31480.85,25837.69,20508.97,0.39
2019-12-20,3.73,3.81,3.75,3.71,16411.0,0.0,0.0,3.728,3.622,3.525,36884.25,24251.17,20124.81,0.23
2019-12-19,3.81,3.83,3.75,3.72,24458.03,-0.06,-1.57,3.68,3.594,3.514,36170.84,23752.31,19812.46,0.34
2019-12-18,3.65,3.82,3.81,3.59,60456.57,0.16,4.38,3.636,3.563,3.503,33292.44,22642.83,19498.47,0.85
2019-12-17,3.66,3.72,3.65,3.64,28084.46,-0.03,-0.81,3.584,3.519,3.493,23906.19,17473.93,16949.23,0.39
2019-12-16,3.49,3.69,3.68,3.46,55011.2,0.17,4.84,3.554,3.491,3.49,20194.53,18024.33,16262.84,0.77
2019-12-13,3.53,3.55,3.51,3.49,12843.96,-0.02,-0.57,3.516,3.46,3.484,11618.09,13569.93,14052.84,0.18
2019-12-12,3.56,3.56,3.53,3.5,10066.0,-0.02,-0.56,3.508,3.452,3.488,11333.78,13680.03,15256.54,0.14
2019-12-11,3.5,3.58,3.55,3.5,13525.31,0.05,1.43,3.49,3.435,3.491,11993.22,14625.33,15716.61,0.19
2019-12-10,3.49,3.51,3.5,3.43,9526.2,0.01,0.29,3.454,3.426,3.491,11041.68,14846.06,15737.62,0.13
2019-12-09,3.5,3.52,3.49,3.46,12129.0,0.02,0.58,3.428,3.423,3.492,15854.12,15180.24,16504.89,0.17
2019-12-06,3.4,3.48,3.47,3.4,11422.4,0.03,0.87,3.404,3.427,3.496,15521.76,15998.44,17420.34,0.16
2019-12-05,3.37,3.49,3.44,3.34,13363.2,0.07,2.08,3.396,3.433,3.507,16026.28,15872.6,17669.78,0.19
2019-12-04,3.39,3.39,3.37,3.34,8767.6,0.0,0.0,3.38,3.443,3.519,17257.44,16354.1,17575.32,0.12
2019-12-03,3.35,3.43,3.37,3.3,33588.42,0.0,0.0,3.398,3.466,3.536,18650.44,16424.52,18130.17,0.47
2019-12-02,3.41,3.47,3.37,3.37,10467.2,-0.06,-1.75,3.418,3.488,3.554,14506.36,14501.34,18094.17,0.15
2019-11-29,3.4,3.46,3.43,3.31,13945.0,0.07,2.08,3.45,3.507,3.568,16475.12,14535.74,20447.39,0.19
2019-11-28,3.43,3.45,3.36,3.34,19519.0,-0.1,-2.89,3.47,3.524,3.583,15718.92,16833.04,22554.9,0.27
2019-11-27,3.49,3.5,3.46,3.43,15732.6,-0.01,-0.29,3.506,3.546,3.594,15450.76,16807.89,23412.27,0.22
2019-11-26,3.51,3.51,3.47,3.45,12868.0,-0.06,-1.7,3.534,3.555,3.596,14198.6,16629.17,25153.35,0.18
2019-11-25,3.53,3.57,3.53,3.45,20311.0,0.0,0.0,3.558,3.56,3.6,14496.33,17829.53,25785.25,0.28
2019-11-22,3.5,3.58,3.53,3.5,10164.0,-0.01,-0.28,3.564,3.564,3.604,12596.37,18842.23,26429.28,0.14
2019-11-21,3.6,3.6,3.54,3.5,18178.2,-0.06,-1.67,3.578,3.581,3.608,17947.17,19466.95,26604.23,0.25
2019-11-20,3.58,3.6,3.6,3.57,9471.8,0.01,0.28,3.586,3.595,3.61,18165.01,18796.53,26630.07,0.13
2019-11-19,3.56,3.62,3.59,3.55,14356.64,0.03,0.84,3.576,3.606,3.612,19059.74,19835.82,27505.83,0.2
2019-11-18,3.52,3.63,3.56,3.52,10811.2,-0.04,-1.11,3.562,3.619,3.613,21162.73,21687.0,27504.93,0.15
2019-11-15,3.75,3.75,3.6,3.58,36918.0,0.02,0.56,3.564,3.628,3.617,25088.09,26359.04,28574.97,0.52
2019-11-14,3.56,3.62,3.58,3.52,19267.43,0.03,0.84,3.584,3.642,3.614,20986.73,28276.76,29053.17,0.27
2019-11-13,3.52,3.56,3.55,3.44,13945.44,0.03,0.85,3.604,3.642,3.62,19428.05,30016.65,30212.87,0.19
2019-11-12,3.57,3.63,3.52,3.46,24871.59,-0.05,-1.4,3.636,3.636,3.628,20611.9,33677.53,32227.82,0.35
2019-11-11,3.65,3.7,3.57,3.55,30438.0,-0.13,-3.51,3.676,3.64,3.628,22211.27,33740.97,34369.9,0.43
2019-11-08,3.68,3.74,3.7,3.65,16411.2,0.02,0.54,3.692,3.643,3.629,27629.98,34016.33,36299.25,0.23
2019-11-07,3.68,3.72,3.68,3.65,11474.0,-0.03,-0.81,3.7,3.634,3.627,35566.78,33741.51,40727.28,0.16
2019-11-06,3.73,3.78,3.71,3.68,19864.73,-0.01,-0.27,3.68,3.625,3.633,40605.26,34463.61,43139.61,0.28
2019-11-05,3.7,3.74,3.72,3.65,32868.4,0.07,1.92,3.636,3.617,3.641,46743.16,35175.83,44025.35,0.46
2019-11-04,3.76,3.82,3.65,3.59,57531.58,-0.09,-2.41,3.604,3.607,3.648,45270.68,33322.85,46051.3,0.8
2019-11-01,3.58,3.75,3.74,3.58,56095.2,0.16,4.47,3.594,3.605,3.66,40402.68,30790.9,47794.15,0.78
2019-10-31,3.48,3.61,3.58,3.48,36666.4,0.09,2.58,3.568,3.586,3.667,31916.24,29829.58,52516.88,0.51
2019-10-30,3.56,3.56,3.49,3.4,50554.2,-0.07,-1.97,3.57,3.597,3.672,28321.95,30409.09,57210.74,0.71
2019-10-29,3.6,3.62,3.56,3.54,25506.0,-0.04,-1.11,3.598,3.619,3.673,23608.51,30778.1,60366.85,0.36
2019-10-28,3.6,3.66,3.6,3.57,33191.59,-0.01,-0.28,3.61,3.616,3.671,21375.03,34998.82,61786.63,0.46
2019-10-25,3.6,3.66,3.61,3.58,13663.0,0.02,0.56,3.616,3.614,3.669,21179.11,38582.16,63884.7,0.19
2019-10-24,3.59,3.68,3.59,3.58,18694.96,-0.04,-1.1,3.604,3.619,3.667,27742.91,47713.04,70189.39,0.26
2019-10-23,3.62,3.72,3.63,3.56,26987.0,0.01,0.28,3.624,3.641,3.66,32496.23,51815.61,73316.79,0.38
2019-10-22,3.63,3.65,3.62,3.58,14338.6,-0.01,-0.28,3.64,3.664,3.66,37947.69,52874.86,73759.84,0.2
2019-10-21,3.62,3.73,3.63,3.6,32212.0,0.08,2.25,3.622,3.688,3.67,48622.61,58779.74,78612.54,0.45
2019-10-18,3.63,3.7,3.55,3.51,46482.0,-0.14,-3.79,3.612,3.715,3.689,55985.21,64797.4,80504.32,0.65
2019-10-17,3.77,3.77,3.69,3.65,42461.54,-0.02,-0.54,3.634,3.747,3.71,67683.17,75204.18,82715.51,0.59
2019-10-16,3.54,3.71,3.71,3.5,54244.32,0.18,5.1,3.658,3.747,3.724,71134.98,84012.38,89035.84,0.76
2019-10-15,3.48,3.54,3.53,3.44,67713.2,-0.05,-1.4,3.688,3.727,3.742,67802.04,89955.6,92188.31,0.95
2019-10-14,3.66,3.7,3.58,3.56,69025.0,-0.08,-2.19,3.754,3.726,3.761,68936.88,88574.44,95095.77,0.96
2019-10-11,3.67,3.79,3.66,3.62,104971.8,-0.15,-3.94,3.818,3.724,3.77,73609.58,89187.23,97286.84,1.47
2019-10-10,3.86,3.86,3.81,3.74,59720.6,-0.05,-1.29,3.86,3.714,3.765,82725.19,92665.74,95717.57,0.83
2019-10-09,3.81,3.94,3.86,3.81,37579.58,0.0,0.0,3.836,3.678,3.753,96889.78,94817.98,95053.36,0.53
2019-10-08,3.91,3.95,3.86,3.8,73387.4,-0.04,-1.03,3.766,3.655,3.736,112109.17,94644.82,98945.48,1.03
2019-09-30,3.88,4.0,3.9,3.78,92388.53,0.03,0.78,3.698,3.651,3.722,108212.01,98445.34,102203.33,1.29
2019-09-27,3.69,3.87,3.87,3.65,150549.83,0.18,4.88,3.63,3.663,3.698,104764.89,96211.24,102476.55,2.1
2019-09-26,3.5,3.69,3.69,3.47,130543.58,0.18,5.13,3.568,3.673,3.668,102606.29,90226.84,96491.4,1.82
2019-09-25,3.5,3.55,3.51,3.34,113676.51,-0.01,-0.28,3.52,3.7,3.643,92746.17,94059.3,91326.77,1.59
2019-09-24,3.56,3.58,3.52,3.5,53901.6,-0.04,-1.12,3.544,3.756,3.628,77180.47,94421.02,87675.29,0.75
2019-09-23,3.46,3.6,3.56,3.46,75152.91,0.0,0.0,3.604,3.796,3.613,88678.66,101617.11,89356.61,1.05
2019-09-20,3.4,3.62,3.56,3.4,139756.84,0.11,3.19,3.696,3.815,3.6,87657.6,105386.44,91751.64,1.95
2019-09-19,3.45,3.45,3.45,3.45,81243.0,-0.18,-4.96,3.778,3.816,3.58,77847.39,98769.41,86635.64,1.14
2019-09-18,3.63,3.63,3.63,3.63,35848.0,-0.19,-4.97,3.88,3.827,3.564,95372.43,95288.74,85327.93,0.5
2019-09-17,3.96,3.96,3.82,3.82,111392.56,-0.2,-4.97,3.968,3.817,3.54,111661.57,103246.14,87432.52,1.56
2019-09-16,4.07,4.07,4.02,3.89,70047.6,0.05,1.26,3.988,3.793,3.5,114555.55,105961.33,84601.74,0.98
2019-09-12,3.93,4.06,3.97,3.88,90705.77,0.01,0.25,3.934,3.732,3.449,123115.28,108741.85,83169.91,1.27
2019-09-11,4.07,4.21,3.96,3.91,168868.22,-0.11,-2.7,3.854,3.662,3.401,119691.43,102755.96,81292.72,2.36
2019-09-10,3.91,4.1,4.07,3.84,117293.69,0.15,3.83,3.774,3.586,3.358,95205.06,88594.23,76365.89,1.64
2019-09-09,3.75,3.93,3.92,3.75,125862.47,0.17,4.53,3.666,3.5,3.309,94830.72,80929.57,73618.33,1.76
2019-09-06,3.53,3.75,3.75,3.53,112846.23,0.18,5.04,3.598,3.429,3.264,97367.12,77096.12,69782.38,1.58
2019-09-05,3.55,3.71,3.57,3.54,73586.55,0.01,0.28,3.53,3.385,3.228,94368.43,78116.85,67671.66,1.03
2019-09-04,3.5,3.6,3.56,3.49,46436.35,0.03,0.85,3.47,3.343,3.203,85820.48,74501.87,67481.6,0.65
2019-09-03,3.6,3.69,3.53,3.44,115422.0,-0.05,-1.4,3.398,3.3,3.18,81983.41,75367.11,68929.21,1.61
2019-09-02,3.4,3.58,3.58,3.38,138544.45,0.17,4.99,3.334,3.262,3.16,67028.41,71618.89,69018.79,1.94
2019-08-30,3.27,3.43,3.41,3.25,97852.8,0.14,4.28,3.26,3.207,3.138,56825.12,63242.15,67328.64,1.37
2019-08-29,3.2,3.27,3.27,3.18,30846.8,0.07,2.19,3.24,3.165,3.118,61865.26,57597.97,68729.46,0.43
2019-08-28,3.2,3.26,3.2,3.17,27251.0,-0.01,-0.31,3.216,3.139,3.11,63183.25,59829.49,76900.23,0.38
2019-08-27,3.21,3.26,3.21,3.19,40647.0,0.0,0.0,3.202,3.129,3.097,68750.81,64137.55,89544.97,0.57
2019-08-26,3.25,3.32,3.21,3.18,87528.0,-0.1,-3.02,3.19,3.117,3.092,76209.37,66307.09,104007.14,1.22
2019-08-23,3.18,3.31,3.31,3.18,123053.5,0.16,5.08,3.154,3.098,3.095,69659.17,62468.64,110377.5,1.72
2019-08-22,3.13,3.19,3.15,3.07,37436.76,0.02,0.64,3.09,3.07,3.085,53330.67,57226.47,111373.1,0.52
2019-08-21,3.15,3.25,3.13,3.11,55088.8,-0.02,-0.64,3.062,3.062,3.076,56475.72,60461.34,115697.11,0.77
2019-08-20,3.02,3.17,3.15,3.0,77939.8,0.12,3.96,3.056,3.06,3.064,59524.28,62491.31,122314.96,1.09
2019-08-19,2.96,3.04,3.03,2.93,54777.0,0.04,1.34,3.044,3.058,3.053,56404.81,66418.69,127435.77,0.77
2019-08-16,3.01,3.04,2.99,2.97,41411.0,-0.02,-0.66,3.042,3.068,3.041,55278.1,71415.13,136495.72,0.58
2019-08-15,3.05,3.05,3.01,2.96,53162.0,-0.09,-2.9,3.05,3.071,3.026,61122.26,79860.96,141047.3,0.74
2019-08-14,3.09,3.2,3.1,3.07,70331.6,0.01,0.32,3.062,3.08,3.005,64446.96,93970.98,143755.62,0.98
2019-08-13,3.0,3.13,3.09,2.97,62342.45,0.07,2.32,3.064,3.065,2.977,65458.33,114952.39,143932.75,0.87
2019-08-12,3.01,3.06,3.02,2.94,49143.45,-0.01,-0.33,3.072,3.067,2.946,76432.57,141707.19,143477.57,0.69
2019-08-09,3.04,3.09,3.03,2.97,70631.79,-0.04,-1.3,3.094,3.092,2.919,87552.15,158286.37,148048.77,0.99
2019-08-08,3.09,3.16,3.07,3.07,69785.53,-0.04,-1.29,3.092,3.1,2.893,98599.66,165519.74,154555.45,0.98
2019-08-07,3.15,3.18,3.11,3.08,75388.45,-0.02,-0.64,3.098,3.089,2.86,123495.0,170932.89,155101.27,1.05
2019-08-06,3.08,3.27,3.13,3.02,117213.64,0.0,0.0,3.066,3.068,2.819,164446.45,182138.62,153580.72,1.64
2019-08-05,2.98,3.16,3.13,2.94,104741.35,0.11,3.64,3.062,3.048,2.777,206981.81,188452.85,150462.11,1.46
2019-08-02,3.08,3.1,3.02,2.96,125869.31,-0.08,-2.58,3.09,3.014,2.735,229020.58,201576.31,151039.52,1.76
2019-08-01,2.91,3.1,3.1,2.88,194262.23,0.15,5.08,3.108,2.98,2.704,232439.83,202233.65,147386.5,2.72
2019-07-31,3.08,3.09,2.95,2.95,280145.72,-0.16,-5.14,3.08,2.93,2.668,218370.77,193540.26,140052.25,3.92
2019-07-30,3.29,3.43,3.11,3.11,329890.44,-0.16,-4.89,3.07,2.888,2.64,199830.79,172913.11,132775.5,4.61
2019-07-29,3.19,3.27,3.27,3.1,214935.2,0.16,5.14,3.034,2.824,2.609,169923.9,145247.94,123377.13,3.0
2019-07-26,2.96,3.11,3.11,2.94,142965.55,0.15,5.07,2.938,2.745,2.566,174132.04,137811.17,119180.13,2.0
2019-07-25,2.86,2.98,2.96,2.85,123916.96,0.06,2.07,2.852,2.686,2.53,172027.48,143591.16,117184.3,1.73
2019-07-24,2.98,3.03,2.9,2.85,187445.78,-0.03,-1.02,2.78,2.63,2.502,168709.74,139269.66,116992.2,2.62
2019-07-23,2.74,2.93,2.93,2.72,180356.0,0.14,5.02,2.706,2.569,2.478,145995.44,125022.83,117283.1,2.52
2019-07-22,2.7,2.81,2.79,2.65,235975.92,0.11,4.1,2.614,2.506,2.449,120571.98,112471.37,117414.44,3.3
2019-07-19,2.6,2.72,2.68,2.57,132442.72,0.08,3.08,2.552,2.455,2.421,101490.29,100502.72,115617.32,1.85
2019-07-18,2.51,2.63,2.6,2.5,107328.28,0.07,2.77,2.52,2.427,2.398,115154.84,92539.35,117129.53,1.5
2019-07-17,2.48,2.57,2.53,2.48,73874.27,0.06,2.43,2.48,2.406,2.373,109829.59,86564.25,125085.36,1.03
2019-07-16,2.47,2.49,2.47,2.46,53238.72,-0.01,-0.4,2.432,2.392,2.355,104050.22,92637.89,141624.57,0.74
2019-07-15,2.48,2.5,2.48,2.39,140567.48,-0.04,-1.59,2.398,2.393,2.344,104370.77,101506.31,140449.84,1.96
2019-07-12,2.46,2.52,2.52,2.4,200765.45,0.12,5.0,2.358,2.386,2.338,99515.15,100549.09,136196.51,2.81
2019-07-11,2.31,2.4,2.4,2.3,80702.02,0.11,4.8,2.334,2.373,2.336,69923.86,90777.45,142532.61,1.13
2019-07-10,2.3,2.32,2.29,2.26,44977.44,-0.01,-0.43,2.332,2.373,2.346,63298.91,94714.73,171116.03,0.63
2019-07-09,2.27,2.31,2.3,2.2,54841.44,0.02,0.88,2.352,2.387,2.362,81225.55,109543.37,169146.01,0.77
2019-07-08,2.43,2.43,2.28,2.28,116289.4,-0.12,-5.0,2.388,2.391,2.385,98641.86,122357.51,166759.14,1.63
2019-07-05,2.4,2.43,2.4,2.38,52809.0,0.01,0.42,2.414,2.386,2.415,101583.04,130731.91,161014.77,0.74
2019-07-04,2.39,2.42,2.39,2.37,47577.29,0.0,0.0,2.412,2.368,2.447,111631.04,141719.72,158442.62,0.67
2019-07-03,2.47,2.47,2.39,2.36,134610.62,-0.09,-3.63,2.414,2.34,2.488,126130.54,163606.47,156114.61,1.88
2019-07-02,2.41,2.53,2.48,2.38,141923.0,0.07,2.9,2.422,2.318,2.537,137861.2,190611.26,149467.72,1.98
2019-07-01,2.42,2.45,2.41,2.38,130995.27,0.02,0.84,2.394,2.294,2.59,146073.16,179393.36,147006.92,1.83
2019-06-28,2.36,2.43,2.39,2.36,103049.0,-0.01,-0.42,2.358,2.289,2.646,159880.79,171843.93,146016.4,1.44
2019-06-27,2.39,2.44,2.4,2.38,120074.8,-0.03,-1.24,2.324,2.298,2.706,171808.4,194287.77,145410.95,1.68
2019-06-26,2.33,2.45,2.43,2.31,193263.91,0.09,3.85,2.266,2.319,2.768,201082.4,247517.34,144267.06,2.7
2019-06-25,2.21,2.34,2.34,2.21,182982.8,0.11,4.93,2.214,2.337,2.83,243361.32,228748.65,139883.8,2.56
2019-06-24,2.27,2.27,2.23,2.2,200033.44,0.01,0.45,2.194,2.378,2.891,212713.56,211160.77,136777.5,2.8
2019-06-21,2.22,2.22,2.22,2.2,162687.05,0.11,5.21,2.22,2.444,2.957,183807.07,191297.63,135220.53,2.27
2019-06-20,2.15,2.16,2.11,2.07,266444.78,-0.06,-2.77,2.272,2.526,3.037,216767.14,175165.52,132161.77,3.72
2019-06-19,2.2,2.29,2.17,2.14,404658.53,-0.07,-3.12,2.372,2.635,3.124,293952.29,148622.74,124132.23,5.66
2019-06-18,2.24,2.24,2.24,2.24,29744.0,-0.12,-5.08,2.46,2.755,3.205,214135.98,108324.19,110660.46,0.42
2019-06-17,2.39,2.42,2.36,2.36,55501.0,-0.12,-4.84,2.562,2.886,3.29,209607.98,114620.49,122237.01,0.78
2019-06-14,2.55,2.62,2.48,2.48,327487.41,-0.13,-4.98,2.668,3.002,3.372,198788.18,120188.87,128189.6,4.58
2019-06-13,2.48,2.72,2.61,2.48,652370.5,0.0,0.0,2.78,3.114,3.444,133563.9,96534.13,119945.95,9.12
2019-06-12,2.61,2.61,2.61,2.61,5577.0,-0.14,-5.09,2.898,3.217,3.505,3293.2,41016.78,94993.04,0.08
2019-06-11,2.75,2.75,2.75,2.75,7104.0,-0.14,-4.84,3.05,3.322,3.567,2512.4,51018.94,103888.28,0.1
2019-06-10,2.89,2.89,2.89,2.89,1402.0,-0.15,-4.93,3.21,3.404,3.629,19633.0,62394.24,117721.89,0.02
2019-06-06,3.04,3.04,3.04,3.04,1366.0,-0.16,-5.0,3.336,3.47,3.679,41589.56,79143.44,127133.04,0.02
2019-06-05,3.2,3.2,3.2,3.2,1017.0,-0.17,-5.04,3.448,3.547,3.729,59504.36,89158.02,139972.44,0.01
2019-06-04,3.37,3.37,3.37,3.37,1673.0,-0.18,-5.07,3.536,3.612,3.775,78740.36,99641.72,159509.66,0.02
2019-05-31,3.56,3.65,3.55,3.53,92707.0,0.03,0.85,3.594,3.654,3.816,99525.48,112996.73,190446.09,1.3
2019-05-30,3.62,3.62,3.52,3.46,111184.81,-0.08,-2.22,3.598,3.694,3.842,105155.47,129853.52,190577.52,1.55
2019-05-29,3.65,3.69,3.6,3.59,90940.0,-0.04,-1.1,3.604,3.741,3.851,116697.32,136190.32,201182.49,1.27
2019-05-28,3.68,3.74,3.64,3.61,97197.0,-0.02,-0.55,3.646,3.773,3.876,118811.67,143357.76,212065.2,1.36
2019-05-27,3.61,3.69,3.66,3.55,105598.59,0.09,2.52,3.688,3.793,3.914,120543.08,148969.3,222915.91,1.48
2019-05-24,3.47,3.63,3.57,3.47,120856.95,0.02,0.56,3.714,3.811,3.972,126467.98,156757.62,235759.04,1.69
2019-05-23,3.78,3.8,3.55,3.51,168894.05,-0.26,-6.82,3.79,3.854,4.038,154551.57,173049.55,267743.94,2.36
2019-05-22,3.82,3.86,3.81,3.77,101511.77,-0.04,-1.04,3.878,3.888,4.131,155683.33,175122.64,325967.59,1.42
2019-05-21,3.78,3.87,3.85,3.74,105854.05,0.06,1.58,3.9,3.91,4.218,167903.85,190786.87,350447.29,1.48
2019-05-20,3.84,3.84,3.79,3.6,135223.06,-0.16,-4.05,3.898,3.938,4.278,177395.53,219377.59,360374.74,1.89
2019-05-17,3.97,4.11,3.95,3.85,261274.91,-0.04,-1.0,3.908,3.977,4.337,187047.25,267895.45,368289.11,3.65
2019-05-16,3.9,4.0,3.99,3.87,174552.84,0.07,1.79,3.918,3.989,4.38,191547.54,251301.53,366168.09,2.44
2019-05-15,3.85,3.94,3.92,3.85,162614.41,0.08,2.08,3.898,3.96,4.424,194561.94,266174.67,369646.84,2.27
2019-05-14,3.76,3.93,3.84,3.75,153312.41,0.0,0.0,3.92,3.978,4.48,213669.88,280772.64,377490.11,2.14
2019-05-13,3.92,3.95,3.84,3.82,183481.7,-0.16,-4.0,3.978,4.035,4.533,261359.65,296862.51,380244.83,2.56
2019-05-10,3.95,4.02,4.0,3.58,283776.34,0.11,2.83,4.046,4.133,4.595,348743.65,314760.46,382374.11,3.97
2019-05-09,3.99,4.02,3.89,3.86,189624.86,-0.14,-3.47,4.06,4.221,4.65,311055.52,362438.32,386465.59,2.65
2019-05-08,3.97,4.08,4.03,3.91,258154.09,-0.1,-2.42,4.022,4.373,4.701,337787.39,476812.54,386500.8,3.61
2019-05-07,4.2,4.28,4.13,3.81,391761.28,-0.05,-1.2,4.036,4.526,4.742,347875.41,510107.72,386842.81,5.48
2019-05-06,4.16,4.47,4.18,4.09,620401.69,0.11,2.7,4.092,4.618,4.783,332365.37,501371.89,377235.87,8.67
2019-04-30,3.8,4.07,4.07,3.76,95335.68,0.37,10.0,4.22,4.697,4.815,280777.27,468682.78,354799.89,1.33
2019-04-29,3.92,4.0,3.7,3.69,323284.19,-0.4,-9.76,4.382,4.771,4.853,413821.13,481034.65,361169.27,4.52
2019-04-26,4.01,4.23,4.1,4.01,308594.19,-0.31,-7.03,4.724,4.887,4.897,615837.69,473119.01,350861.57,4.31
2019-04-25,4.8,4.81,4.41,4.39,314211.12,-0.41,-8.51,5.016,4.981,4.916,672340.04,474207.58,340541.6,4.39
2019-04-24,4.8,4.87,4.82,4.68,362461.19,-0.06,-1.23,5.144,5.031,4.921,670378.4,463627.15,331384.97,5.07
2019-04-23,5.17,5.23,4.88,4.87,760554.94,-0.53,-9.8,5.174,5.056,4.909,656588.28,449987.76,322564.22,10.63
2019-04-22,5.98,5.98,5.41,5.38,1333367.0,-0.15,-2.7,5.16,5.079,4.902,548248.17,410492.85,294014.68,18.64
2019-04-19,5.12,5.56,5.56,5.1,591105.94,0.51,10.1,5.05,5.028,4.868,330400.33,296189.06,235533.05,8.26
2019-04-18,4.93,5.15,5.05,4.93,304402.91,0.08,1.61,4.946,4.958,4.827,276075.12,263577.9,216346.83,4.26
2019-04-17,4.83,5.05,4.97,4.81,293510.59,0.16,3.33,4.918,4.947,4.809,256875.91,253099.85,211277.34,4.1
2019-04-16,4.81,4.85,4.81,4.61,218854.41,-0.05,-1.03,4.938,4.932,4.798,243387.24,240917.0,207550.04,3.06
2019-04-15,5.05,5.18,4.86,4.86,244127.8,-0.18,-3.57,4.998,4.934,4.799,272737.53,241303.89,207691.3,3.41
2019-04-12,4.93,5.38,5.04,4.93,319479.88,0.13,2.65,5.006,4.906,4.798,261977.79,228604.14,210645.05,4.47
2019-04-11,5.07,5.08,4.91,4.83,208406.88,-0.16,-3.16,4.97,4.85,4.779,251080.68,206875.61,209602.32,2.91
2019-04-10,5.04,5.11,5.07,4.95,226067.23,-0.04,-0.78,4.976,4.81,4.782,249323.8,199142.78,227615.66,3.16
2019-04-09,4.9,5.17,5.11,4.81,365605.84,0.21,4.29,4.926,4.761,4.795,238446.76,195140.68,234546.54,5.11
2019-04-08,4.88,4.96,4.9,4.72,190329.12,0.04,0.82,4.87,4.725,4.781,209870.25,177536.51,223120.04,2.66
2019-04-04,4.98,5.13,4.86,4.81,264994.31,-0.08,-1.62,4.806,4.707,4.756,195230.49,174877.03,225918.08,3.7
2019-04-03,4.85,4.94,4.94,4.77,199622.48,0.12,2.49,4.73,4.695,4.754,162670.55,169115.76,226588.9,2.79
2019-04-02,4.88,4.89,4.82,4.77,171682.06,-0.01,-0.21,4.644,4.671,4.745,148961.76,169454.83,231258.45,2.4
2019-04-01,4.61,4.87,4.83,4.59,222723.28,0.25,5.46,4.596,4.664,4.732,151834.59,174183.07,233131.76,3.11
2019-03-29,4.46,4.61,4.58,4.33,117130.32,0.1,2.23,4.58,4.663,4.713,145202.77,174078.72,232938.63,1.64
2019-03-28,4.48,4.64,4.48,4.43,102194.6,-0.03,-0.67,4.608,4.689,4.703,154523.57,192685.97,232942.0,1.43
2019-03-27,4.59,4.65,4.51,4.35,131078.52,-0.07,-1.53,4.66,4.707,4.699,175560.96,212329.03,235875.08,1.83
2019-03-26,4.75,4.87,4.58,4.55,186046.22,-0.17,-3.58,4.698,4.754,4.691,189947.9,256088.55,238775.3,2.6
2019-03-25,4.61,4.85,4.75,4.58,189564.2,0.03,0.64,4.732,4.828,4.683,196531.56,273952.41,247106.06,2.65
2019-03-22,4.73,4.76,4.72,4.57,163734.31,-0.02,-0.42,4.746,4.837,4.674,202954.66,268703.57,264248.74,2.29
2019-03-21,4.68,4.78,4.74,4.64,207381.56,0.04,0.85,4.77,4.805,4.66,230848.37,276959.13,273247.72,2.9
2019-03-20,4.76,4.76,4.7,4.55,203013.2,-0.05,-1.05,4.754,4.813,4.625,249097.09,284062.04,270247.43,2.84
2019-03-19,4.84,4.95,4.75,4.68,218964.52,-0.07,-1.45,4.81,4.819,4.597,322229.2,293062.07,269160.84,3.06
2019-03-18,4.76,4.84,4.82,4.66,221679.72,-0.02,-0.41,4.924,4.8,4.563,351373.26,292080.44,267179.2,3.1
2019-03-15,4.79,4.96,4.84,4.68,303202.84,0.18,3.86,4.928,4.762,4.521,334452.48,291798.54,265002.01,4.24
2019-03-14,4.86,4.98,4.66,4.55,298625.19,-0.32,-6.43,4.84,4.716,4.469,323069.89,273198.02,255247.02,4.17
2019-03-13,5.3,5.3,4.98,4.91,568673.75,-0.34,-6.39,4.872,4.691,4.427,319026.99,259421.13,246654.3,7.95
2019-03-12,5.32,5.32,5.32,5.27,364684.81,0.48,9.92,4.828,4.627,4.365,263894.93,221462.04,223294.98,5.1
2019-03-11,4.46,4.84,4.84,4.44,137075.81,0.44,10.0,4.676,4.537,4.284,232787.62,220259.71,210227.1,1.92
2019-03-08,4.64,4.75,4.4,4.34,246289.88,-0.42,-8.71,4.596,4.51,4.224,249144.61,259793.91,207831.23,3.44
2019-03-07,4.7,4.96,4.82,4.67,278410.72,0.06,1.26,4.592,4.514,4.18,223326.15,269536.3,200653.7,3.89
2019-03-06,4.56,4.77,4.76,4.47,293013.44,0.2,4.39,4.51,4.436,4.102,199815.26,256432.81,192964.77,4.1
2019-03-05,4.44,4.58,4.56,4.41,209148.23,0.12,2.7,4.426,4.375,4.039,179029.15,245259.62,181457.94,2.92
2019-03-04,4.38,4.5,4.44,4.37,218860.77,0.06,1.37,4.398,4.325,3.989,207731.81,242277.97,177428.66,3.06
2019-03-01,4.43,4.43,4.38,4.3,117197.61,-0.03,-0.68,4.424,4.28,3.955,270443.21,238205.48,169997.56,1.64
2019-02-28,4.35,4.43,4.41,4.29,160856.27,0.07,1.61,4.436,4.222,3.926,315746.45,237296.02,169163.57,2.25
2019-02-27,4.39,4.48,4.34,4.22,189082.88,-0.08,-1.81,4.362,4.162,3.9,313050.36,233887.46,167651.56,2.64
2019-02-26,4.47,4.55,4.42,4.36,352661.53,-0.15,-3.28,4.324,4.103,3.878,311490.09,225127.93,162607.24,4.93
2019-02-25,4.44,4.7,4.57,4.35,532417.75,0.13,2.93,4.252,4.031,3.852,276824.12,200194.49,154807.51,7.44
2019-02-22,3.98,4.44,4.44,3.91,343713.84,0.4,9.9,4.136,3.937,3.823,205967.75,155868.56,137190.82,4.8
2019-02-21,4.11,4.2,4.04,4.02,147375.81,-0.11,-2.65,4.008,3.845,3.805,158845.58,131771.09,141990.2,2.06
2019-02-20,4.06,4.24,4.15,3.96,181281.52,0.09,2.22,3.962,3.767,3.819,154724.56,129496.73,144101.41,2.53
2019-02-19,3.97,4.06,4.06,3.92,179331.7,0.07,1.75,3.882,3.703,3.851,138765.76,117656.26,151563.38,2.51
2019-02-18,3.82,4.02,3.99,3.82,178135.86,0.19,5.0,3.81,3.652,3.886,123564.86,112579.36,164885.59,2.49
2019-02-15,3.8,3.92,3.8,3.77,108103.01,-0.01,-0.26,3.738,3.629,3.915,105769.37,101789.64,164794.0,1.51
2019-02-14,3.72,3.85,3.81,3.68,126770.73,0.06,1.6,3.682,3.63,3.956,104696.61,101031.12,172586.64,1.77
2019-02-13,3.69,3.78,3.75,3.66,101487.51,0.05,1.35,3.572,3.638,3.995,104268.9,101415.65,183583.84,1.42
2019-02-12,3.66,3.78,3.7,3.6,103327.19,0.07,1.93,3.524,3.652,4.031,96546.75,100086.55,197099.29,1.44
2019-02-11,3.55,3.67,3.63,3.53,89158.4,0.11,3.12,3.494,3.672,4.075,101593.86,109420.53,213812.56,1.25
2019-02-01,3.44,3.55,3.52,3.34,102739.2,0.26,7.97,3.52,3.709,4.135,97809.92,118513.09,247208.53,1.44
2019-01-31,3.47,3.52,3.26,3.22,124632.19,-0.25,-7.12,3.578,3.764,4.193,97365.63,152209.31,283233.89,1.74
2019-01-30,3.54,3.59,3.51,3.45,62876.76,-0.04,-1.13,3.704,3.87,4.246,98562.4,158706.09,284154.93,0.88
2019-01-29,3.75,3.75,3.55,3.39,128562.73,-0.21,-5.58,3.78,3.999,4.267,103626.35,185470.5,289796.28,1.8
2019-01-28,3.84,3.86,3.76,3.75,70238.71,-0.05,-1.31,3.85,4.119,4.289,117247.2,217191.82,296648.08,0.98
2019-01-25,3.92,3.93,3.81,3.8,100517.78,-0.08,-2.06,3.898,4.2,4.303,139216.26,227798.35,319210.37,1.41
2019-01-24,3.88,3.99,3.89,3.88,130616.0,0.0,0.0,3.95,4.281,4.322,207052.99,244142.15,330190.55,1.83
2019-01-23,3.88,3.9,3.89,3.83,88196.51,-0.01,-0.26,4.036,4.352,4.318,218849.79,265752.03,328104.26,1.23
2019-01-22,4.0,4.02,3.9,3.82,196667.0,-0.1,-2.5,4.218,4.41,4.322,267314.65,294112.04,326712.06,2.75
2019-01-21,4.0,4.05,4.0,3.95,180084.0,-0.07,-1.72,4.388,4.477,4.325,317136.43,318204.58,320848.33,2.52
2019-01-18,4.01,4.13,4.07,3.89,439701.44,-0.25,-5.79,4.502,4.561,4.326,316380.44,375903.98,319451.7,6.15
2019-01-17,4.75,4.76,4.32,4.32,189600.0,-0.48,-10.0,4.612,4.621,4.32,281231.32,414258.47,304782.65,2.65
2019-01-16,4.77,4.87,4.8,4.66,330520.81,0.05,1.05,4.668,4.621,4.296,312654.28,409603.77,299738.6,4.62
2019-01-15,4.55,4.89,4.75,4.52,445775.91,0.18,3.94,4.602,4.534,4.247,320909.43,394122.07,286393.8,6.23
2019-01-14,4.59,4.66,4.57,4.45,176304.05,-0.05,-1.08,4.566,4.458,4.197,319272.73,376104.34,268614.9,2.46
2019-01-11,4.52,4.72,4.62,4.45,263955.81,0.02,0.43,4.62,4.406,4.164,435427.51,410622.39,264648.78,3.69
2019-01-10,4.46,4.8,4.6,4.46,346714.81,0.13,2.91,4.63,4.363,4.13,547285.63,416238.94,255434.73,4.85
2019-01-09,4.54,4.68,4.47,4.36,371796.56,-0.1,-2.19,4.574,4.284,4.101,506553.26,390456.48,243236.19,5.2
2019-01-08,4.73,4.75,4.57,4.52,437592.44,-0.27,-5.58,4.466,4.234,4.077,467334.71,359312.07,229651.11,6.12
2019-01-07,4.52,5.14,4.84,4.46,757077.94,0.17,3.64,4.35,4.172,4.047,432935.94,323492.08,212228.87,10.58
2019-01-04,4.51,4.75,4.67,4.45,823246.38,0.35,8.1,4.192,4.091,4.001,385817.26,262999.43,179740.34,11.51
2019-01-03,3.93,4.32,4.32,3.91,143053.0,0.39,9.92,4.096,4.019,3.969,285192.25,195306.83,148056.28,2.0
2019-01-02,3.95,4.04,3.93,3.89,175703.81,-0.06,-1.5,3.994,3.97,3.952,274359.69,189873.43,146904.82,2.46
2018-12-28,4.05,4.16,3.99,3.91,265598.56,-0.06,-1.48,4.002,3.96,3.953,251289.43,178665.52,146416.07,3.71
2018-12-27,4.22,4.44,4.05,4.01,521484.56,-0.14,-3.34,3.994,3.936,3.944,214048.23,161125.46,137556.69,7.29
2018-12-26,3.95,4.19,4.19,3.95,320121.31,0.38,9.97,3.99,3.921,3.929,140181.6,118675.16,116382.43,4.47
2018-12-25,3.92,3.92,3.81,3.7,88890.2,-0.16,-4.03,3.942,3.896,3.915,105421.41,94630.53,105501.67,1.24
2018-12-24,3.9,4.01,3.97,3.88,60352.53,0.02,0.51,3.946,3.918,3.92,105387.17,96015.9,105683.74,0.84
2018-12-21,3.99,4.01,3.95,3.92,79392.53,-0.08,-1.99,3.918,3.92,3.916,106041.61,99990.15,109062.39,1.11
2018-12-20,3.93,4.06,4.03,3.91,152151.41,0.08,2.02,3.878,3.921,3.918,108202.7,100965.65,114503.38,2.13
2018-12-19,3.81,3.96,3.95,3.77,146320.38,0.12,3.13,3.852,3.91,3.938,97168.73,96481.24,112504.22,2.05
2018-12-18,3.77,3.88,3.83,3.74,88719.0,0.0,0.0,3.85,3.918,3.965,83839.65,100805.72,111871.0,1.24
2018-12-17,3.78,3.85,3.83,3.72,63624.71,0.08,2.13,3.89,3.934,3.996,86644.63,103936.2,114754.62,0.89
2018-12-14,3.9,3.9,3.75,3.75,90198.0,-0.15,-3.85,3.922,3.946,4.028,93938.69,114166.62,121799.45,1.26
2018-12-13,3.92,3.96,3.9,3.85,96981.56,-0.04,-1.01,3.964,3.952,4.071,93728.61,113987.92,129708.2,1.36
2018-12-12,4.04,4.06,3.94,3.93,79675.0,-0.09,-2.23,3.968,3.936,4.107,95793.75,114089.69,137557.67,1.11
2018-12-11,3.98,4.09,4.03,3.93,102743.88,0.04,1.0,3.986,3.934,4.139,117771.79,116372.81,146043.8,1.44
2018-12-10,3.95,4.06,3.99,3.85,100095.0,0.03,0.76,3.978,3.922,4.172,121227.78,115351.59,162070.42,1.4
2018-12-07,3.91,4.03,3.96,3.9,89147.6,0.04,1.02,3.97,3.911,4.207,134394.54,118134.64,190425.13,1.25
2018-12-06,3.96,4.04,3.92,3.91,107307.28,-0.11,-2.73,3.94,3.915,4.236,134247.22,128041.1,207598.88,1.5
2018-12-05,3.88,4.15,4.03,3.84,189565.2,0.04,1.0,3.904,3.965,4.246,132385.63,128527.2,214888.33,2.65
2018-12-04,3.94,3.99,3.99,3.87,120023.8,0.04,1.01,3.882,4.012,4.248,114973.83,122936.28,217210.37,1.68
2018-12-03,3.88,3.99,3.95,3.87,165928.83,0.14,3.67,3.866,4.058,4.253,109475.4,125573.05,224569.66,2.32
2018-11-30,3.74,3.81,3.81,3.67,88411.0,0.07,1.87,3.852,4.11,4.264,101874.73,129432.29,236816.48,1.24
2018-11-29,3.93,3.96,3.74,3.73,97999.32,-0.18,-4.59,3.89,4.189,4.274,121834.98,145428.49,245609.72,1.37
2018-11-28,3.93,3.97,3.92,3.72,102506.18,0.01,0.26,4.026,4.278,4.283,124668.77,161025.66,252244.2,1.43
2018-11-27,3.94,4.0,3.91,3.86,92531.66,0.03,0.77,4.142,4.344,4.28,130898.73,175714.8,260027.02,1.29
2018-11-26,4.01,4.06,3.88,3.87,127925.49,-0.12,-3.0,4.25,4.422,4.279,141670.69,208789.26,269679.65,1.79
2018-11-23,4.44,4.46,4.0,3.98,188212.23,-0.42,-9.5,4.368,4.503,4.273,156989.85,262715.62,272012.49,2.63
2018-11-22,4.5,4.54,4.42,4.4,112168.27,-0.08,-1.78,4.488,4.556,4.271,169022.0,287156.66,271879.89,1.57
2018-11-21,4.3,4.5,4.5,4.26,133656.0,0.05,1.12,4.53,4.526,4.252,197382.55,301249.46,278704.49,1.87
2018-11-20,4.45,4.54,4.45,4.38,146391.47,-0.02,-0.45,4.546,4.484,4.233,220530.87,311484.46,285049.31,2.05
2018-11-19,4.6,4.6,4.47,4.3,204521.28,-0.13,-2.83,4.594,4.447,4.216,275907.82,323566.27,294431.04,2.86
2018-11-16,4.65,4.69,4.6,4.57,248373.0,-0.03,-0.65,4.638,4.417,4.196,368441.39,344200.66,300508.69,3.47
2018-11-15,4.6,4.67,4.63,4.5,253971.0,0.05,1.09,4.624,4.359,4.162,405291.32,345790.96,298491.48,3.55
2018-11-14,4.63,4.67,4.58,4.55,249397.59,-0.11,-2.35,4.522,4.287,4.123,405116.36,343462.75,296232.02,3.49
2018-11-13,4.54,4.72,4.69,4.5,423276.25,0.0,0.0,4.422,4.216,4.094,402438.04,344339.24,299382.67,5.92
2018-11-12,4.6,4.97,4.69,4.44,667189.12,0.16,3.53,4.3,4.136,4.052,371224.71,330570.05,295871.91,9.33
2018-11-09,4.08,4.53,4.53,4.02,432622.62,0.41,9.95,4.196,4.042,4.031,319959.93,281309.36,275953.2,6.05
2018-11-08,4.08,4.24,4.12,4.07,253096.23,0.04,0.98,4.094,3.985,4.016,286290.6,256603.12,269749.52,3.54
2018-11-07,4.14,4.22,4.08,4.07,236006.0,0.0,0.0,4.052,3.978,4.029,281809.13,256159.52,268047.35,3.3
2018-11-06,4.12,4.13,4.08,3.97,267209.56,-0.09,-2.16,4.01,3.982,4.069,286240.44,258614.17,277981.91,3.74
2018-11-05,4.1,4.4,4.17,4.07,410865.25,0.15,3.73,3.972,3.985,4.103,289915.39,265295.81,283875.47,5.74
2018-11-02,4.0,4.1,4.02,3.94,264275.97,0.11,2.81,3.888,3.974,4.132,242658.79,256816.73,275062.6,3.69
2018-11-01,3.89,4.08,3.91,3.86,230688.88,0.04,1.03,3.876,3.964,4.174,226915.64,251192.01,279561.74,3.22
2018-10-31,3.82,3.99,3.87,3.78,258162.56,-0.02,-0.51,3.904,3.959,4.222,230509.9,249001.3,288427.0,3.61
2018-10-30,3.72,4.13,3.89,3.69,285584.28,0.14,3.73,3.954,3.972,4.279,230987.89,254426.09,295647.48,3.99
2018-10-29,3.83,3.85,3.75,3.61,174582.28,-0.21,-5.3,3.998,3.967,4.338,240676.23,261173.77,308391.75,2.44
2018-10-26,4.05,4.11,3.96,3.91,185560.2,-0.09,-2.22,4.06,4.019,4.425,270974.66,270597.05,330943.8,2.59
2018-10-25,3.89,4.06,4.05,3.81,248660.2,-0.07,-1.7,4.052,4.046,4.532,275468.38,282895.91,369361.51,3.48
2018-10-24,4.01,4.13,4.12,3.91,260552.48,0.01,0.24,4.014,4.08,4.622,267492.7,279935.17,374675.96,3.64
2018-10-23,4.08,4.26,4.11,3.99,334026.0,0.05,1.23,3.99,4.156,4.682,277864.28,297349.65,389386.78,4.67
2018-10-22,3.92,4.2,4.06,3.87,326074.41,0.14,3.57,3.936,4.221,4.719,281671.3,302455.14,404253.33,4.56
2018-10-19,3.8,4.08,3.92,3.76,208028.8,0.06,1.55,3.978,4.29,4.754,270219.43,293308.48,416095.2,2.91
2018-10-18,3.91,3.93,3.86,3.6,208781.8,-0.14,-3.5,4.04,4.384,4.811,290323.44,307931.47,446720.64,2.92
2018-10-17,3.86,4.0,4.0,3.75,312410.41,0.16,4.17,4.146,4.484,4.859,292377.65,327852.69,469241.9,4.37
2018-10-16,3.93,4.0,3.84,3.84,353061.09,-0.43,-10.07,4.322,4.586,4.879,316835.02,336868.87,460380.7,4.94
2018-10-15,4.22,4.44,4.27,4.13,268815.06,0.04,0.95,4.506,4.709,4.886,323238.97,355609.72,459116.38,3.76
2018-10-12,4.15,4.33,4.23,4.02,308548.84,-0.16,-3.65,4.602,4.831,4.854,316397.53,391290.56,458404.74,4.31
2018-10-11,4.52,4.55,4.39,4.39,219052.84,-0.49,-10.04,4.728,5.018,4.808,325539.5,455827.1,446864.65,3.06
2018-10-10,4.8,5.02,4.88,4.68,434697.28,0.12,2.52,4.822,5.164,4.756,363327.74,469416.74,442518.68,6.08
2018-10-09,4.73,4.88,4.76,4.56,385080.84,0.01,0.21,4.85,5.208,4.678,356902.72,481423.92,424689.02,5.38
2018-10-08,4.69,4.77,4.75,4.65,234607.84,-0.11,-2.26,4.912,5.216,4.599,387980.47,506051.52,409037.32,3.28
2018-09-28,4.89,4.92,4.86,4.68,354258.69,0.0,0.0,5.06,5.217,4.523,466183.59,538881.91,399134.86,4.95
2018-09-27,4.97,4.99,4.86,4.74,407994.03,-0.16,-3.19,5.308,5.237,4.447,586114.71,585509.81,383505.12,5.7
2018-09-26,5.06,5.15,5.02,4.97,402572.19,-0.05,-0.99,5.506,5.234,4.376,575505.74,610631.11,365513.96,5.63
2018-09-25,5.25,5.25,5.07,4.94,540469.62,-0.42,-7.65,5.566,5.171,4.3,605945.11,583892.53,348869.13,7.55
2018-09-21,5.88,6.07,5.49,5.49,625623.44,-0.61,-10.0,5.52,5.063,4.219,624122.56,562623.04,325242.17,8.75
2018-09-20,6.0,6.44,6.1,5.45,953914.25,0.25,4.27,5.374,4.877,4.116,611580.23,525518.92,298216.22,13.33
2018-09-19,5.7,5.85,5.85,5.7,354949.19,0.53,9.96,5.166,4.597,3.986,584904.91,437902.19,252646.82,4.96
2018-09-18,4.76,5.32,5.32,4.58,554769.06,0.48,9.92,4.962,4.348,3.869,645756.49,415620.62,237579.31,7.75
2018-09-17,4.71,5.2,4.84,4.71,631356.88,0.08,1.68,4.776,4.147,3.784,561839.94,367954.13,212123.44,8.83
2018-09-14,4.76,4.99,4.76,4.62,562911.75,-0.3,-5.93,4.606,3.982,3.722,501123.51,312023.13,183423.23,7.87
2018-09-13,4.71,5.19,5.06,4.51,820537.69,0.23,4.76,4.38,3.829,3.662,439457.61,259387.81,158706.14,11.47
2018-09-12,4.49,4.83,4.83,4.17,659207.06,0.44,10.02,4.028,3.657,3.593,290899.47,181500.42,121438.41,9.21
2018-09-11,4.26,4.39,4.39,4.26,135186.34,0.4,10.03,3.734,3.518,3.542,185484.74,120396.8,93387.23,1.89
2018-09-10,3.62,3.99,3.99,3.57,327774.69,0.36,9.92,3.518,3.429,3.513,174068.32,113845.73,91284.33,4.58
2018-09-07,3.26,3.63,3.63,3.26,254582.28,0.33,10.0,3.358,3.375,3.5,122922.75,87861.3,78577.91,3.56
2018-09-06,3.37,3.41,3.3,3.23,77747.0,-0.06,-1.79,3.278,3.354,3.505,79318.01,70913.52,69884.92,1.09
2018-09-05,3.29,3.55,3.36,3.29,132133.41,0.05,1.51,3.286,3.375,3.523,72101.37,67391.44,70110.95,1.85
2018-09-04,3.18,3.34,3.31,3.15,78104.2,0.12,3.76,3.302,3.39,3.534,55308.85,59538.0,67244.55,1.09
2018-09-03,3.25,3.26,3.19,3.08,72046.84,-0.04,-1.24,3.34,3.421,3.55,53623.15,56292.75,68205.93,1.01
2018-08-31,3.34,3.36,3.23,3.23,36558.6,-0.11,-3.29,3.392,3.461,3.569,52799.86,54823.33,72378.11,0.51
2018-08-30,3.41,3.46,3.34,3.32,41663.8,-0.1,-2.91,3.43,3.494,3.602,62509.03,58024.47,77125.03,0.58
2018-08-29,3.48,3.49,3.44,3.41,48170.81,-0.06,-1.71,3.464,3.528,3.633,62681.51,61376.39,83705.9,0.67
2018-08-28,3.45,3.56,3.5,3.43,69675.7,0.05,1.45,3.478,3.565,3.663,63767.16,66377.67,96120.23,0.97
2018-08-27,3.41,3.48,3.45,3.38,67930.4,0.03,0.88,3.502,3.597,3.699,58962.34,68722.93,99109.78,0.95
2018-08-24,3.46,3.5,3.42,3.25,85104.44,-0.09,-2.56,3.53,3.625,3.718,56846.8,69294.52,102445.86,1.19
2018-08-23,3.48,3.57,3.51,3.48,42526.2,0.0,0.0,3.558,3.656,3.751,53539.91,68856.32,106520.8,0.59
2018-08-22,3.61,3.62,3.51,3.51,53599.04,-0.11,-3.04,3.592,3.671,3.787,60071.27,72830.46,115921.39,0.75
2018-08-21,3.59,3.65,3.62,3.55,45651.63,0.03,0.84,3.652,3.677,3.815,68988.19,74951.1,121129.76,0.64
2018-08-20,3.55,3.63,3.59,3.46,57352.67,0.03,0.84,3.692,3.679,3.836,78483.52,80119.11,129517.69,0.8
2018-08-17,3.75,3.76,3.56,3.56,68570.0,-0.12,-3.26,3.72,3.677,3.852,81742.24,89932.88,131308.3,0.96
2018-08-16,3.73,3.82,3.68,3.68,75183.0,-0.13,-3.41,3.754,3.709,3.867,84172.73,96225.6,131749.67,1.05
2018-08-15,3.82,3.85,3.81,3.7,98183.64,-0.01,-0.26,3.75,3.737,3.874,85589.64,106035.41,133500.13,1.37
2018-08-14,3.72,3.88,3.82,3.68,93128.27,0.09,2.41,3.702,3.761,3.881,80914.01,125862.79,135365.15,1.3
2018-08-13,3.62,3.77,3.73,3.6,73646.27,0.0,0.0,3.666,3.8,3.893,81754.7,129496.64,139030.76,1.03
2018-08-10,3.67,3.78,3.73,3.67,80722.47,0.07,1.91,3.634,3.81,3.913,98123.53,135597.2,151849.64,1.13
2018-08-09,3.54,3.69,3.66,3.47,82267.56,0.09,2.52,3.664,3.845,3.932,108278.47,144185.28,162532.89,1.15
2018-08-08,3.63,3.65,3.57,3.56,74805.5,-0.07,-1.92,3.724,3.903,3.935,126481.18,159012.33,161984.6,1.05
2018-08-07,3.54,3.66,3.64,3.49,97331.72,0.07,1.96,3.82,3.952,3.94,170811.56,167308.43,162811.17,1.36
2018-08-06,3.81,3.83,3.57,3.49,155490.38,-0.31,-7.99,3.934,3.992,3.944,177238.57,178916.26,161910.52,2.17
2018-08-03,3.87,4.11,3.88,3.87,131497.19,-0.08,-2.02,3.986,4.027,3.954,173070.88,172683.73,158070.67,1.84
2018-08-02,4.06,4.1,3.96,3.77,173281.12,-0.09,-2.22,4.026,4.025,3.957,180092.09,167273.73,159469.27,2.42
2018-08-01,4.27,4.45,4.05,4.01,296457.41,-0.16,-3.8,4.082,4.01,3.957,191543.48,160964.84,158701.95,4.14
2018-07-31,3.81,4.21,4.21,3.78,129466.77,0.38,9.92,4.084,4.001,3.952,163805.29,144867.51,150598.68,1.81
2018-07-30,4.08,4.08,3.83,3.74,134651.89,-0.25,-6.13,4.05,3.985,3.936,180593.95,148564.88,151919.43,1.88
2018-07-27,4.2,4.27,4.08,4.06,166603.27,-0.16,-3.77,4.068,4.016,3.943,172296.58,168102.09,153070.6,2.33
2018-07-26,4.09,4.35,4.24,4.06,230538.08,0.18,4.43,4.024,4.018,3.933,154455.37,180880.5,152103.98,3.22
2018-07-25,4.04,4.09,4.06,3.99,157766.45,0.02,0.49,3.938,3.967,3.909,130386.2,164956.86,146070.59,2.21
2018-07-24,3.92,4.29,4.04,3.82,213410.08,0.12,3.06,3.918,3.927,3.897,125929.72,158313.91,145095.93,2.98
2018-07-23,3.84,3.94,3.92,3.82,93165.01,0.06,1.55,3.92,3.895,3.884,116535.81,144904.77,138885.55,1.3
2018-07-20,3.81,3.93,3.86,3.77,77397.25,0.05,1.31,3.964,3.88,3.88,163907.6,143457.61,143457.61,1.08
2018-07-19,3.93,3.95,3.81,3.79,110192.22,-0.15,-3.79,4.012,3.882,3.882,207305.63,150797.65,150797.65,1.54
2018-07-18,4.04,4.08,3.96,3.92,135484.05,-0.09,-2.22,3.996,3.891,3.891,199527.52,155873.33,155873.33,1.89
2018-07-17,4.08,4.12,4.05,3.97,166440.5,-0.08,-1.94,3.936,3.881,3.881,190698.1,158786.08,158786.08,2.33
2018-07-16,4.11,4.23,4.14,4.01,330023.97,0.04,0.98,3.87,3.853,3.853,173273.73,157510.34,157510.34,4.61
2018-07-13,3.75,4.1,4.1,3.73,294387.41,0.37,9.92,3.796,3.796,3.796,123007.62,123007.62,123007.62,4.12
2018-07-12,3.62,3.8,3.73,3.62,71301.68,0.07,1.91,3.72,3.72,3.72,80162.67,80162.67,80162.67,1.0
2018-07-11,3.6,3.8,3.66,3.45,91336.92,-0.06,-1.61,3.717,3.717,3.717,83116.33,83116.33,83116.33,1.28
2018-07-10,3.75,3.77,3.72,3.69,79318.69,-0.05,-1.33,3.745,3.745,3.745,79006.04,79006.04,79006.04,1.11
2018-07-09,3.8,3.8,3.77,3.74,78693.38,0.01,0.27,3.77,3.77,3.77,78693.38,78693.38,78693.38,1.1
