date,open,high,close,low,volume,price_change,p_change,ma5,ma10,ma20,v_ma5,v_ma10,v_ma20,turnover
2021-01-05,5.88,6.01,5.88,5.87,49709.0,0.03,0.51,5.838,5.93,6.245,36954.81,42808.83,38804.52,1.66
2021-01-04,5.79,5.91,5.85,5.76,46858.14,0.06,1.04,5.832,5.991,6.291,34370.34,40866.68,38399.94,1.56
2020-12-31,5.84,5.89,5.79,5.75,34010.67,-0.02,-0.34,5.872,6.065,6.347,33653.63,38878.55,38708.4,1.13
2020-12-30,5.87,5.9,5.81,5.8,25253.0,-0.05,-0.85,5.886,6.149,6.404,38232.3,39405.33,39430.22,0.84
2020-12-29,5.85,6.01,5.86,5.84,28943.24,0.01,0.17,5.94,6.219,6.454,45364.5,39688.61,39702.87,0.96
2020-12-28,6.04,6.11,5.85,5.84,36786.64,-0.2,-3.31,6.022,6.3,6.503,48662.85,42129.99,40022.8,1.22
2020-12-25,5.85,6.08,6.05,5.83,43274.6,0.19,3.24,6.15,6.369,6.546,47363.02,41547.22,40069.69,1.44
2020-12-24,6.05,6.08,5.86,5.85,56904.01,-0.22,-3.62,6.258,6.406,6.581,44103.46,41289.71,40009.73,1.89
2020-12-23,6.26,6.33,6.08,6.02,60914.0,-0.19,-3.03,6.412,6.477,6.629,40578.36,38520.06,38900.58,2.03
2020-12-22,6.5,6.61,6.27,6.27,45435.0,-0.22,-3.39,6.498,6.519,6.665,34012.72,36544.41,37588.43,1.51
2020-12-21,6.59,6.63,6.49,6.48,30287.5,-0.1,-1.52,6.578,6.56,6.694,35597.12,34800.21,37325.86,1.01
2020-12-18,6.66,6.68,6.59,6.57,26976.81,-0.04,-0.6,6.588,6.591,6.716,35731.41,35933.21,38317.91,0.9
2020-12-17,6.52,6.71,6.63,6.35,39278.49,0.12,1.84,6.554,6.629,6.739,38475.95,38538.25,39070.92,1.31
2020-12-16,6.64,6.71,6.51,6.45,28085.81,-0.16,-2.4,6.542,6.659,6.766,36461.75,39455.1,38827.89,0.94
2020-12-15,6.59,6.83,6.67,6.52,53357.0,0.13,1.99,6.54,6.688,6.799,39076.09,39717.12,40488.53,1.78
2020-12-14,6.37,6.58,6.54,6.3,30958.96,0.12,1.87,6.542,6.706,6.822,34003.29,37915.62,40602.61,1.03
2020-12-11,6.6,6.61,6.42,6.32,40699.49,-0.15,-2.28,6.594,6.723,6.856,36135.0,38592.16,44064.59,1.36
2020-12-10,6.5,6.65,6.57,6.43,29207.5,0.07,1.08,6.704,6.755,6.918,38600.55,38729.76,44789.72,0.97
2020-12-09,6.67,6.7,6.5,6.48,41157.5,-0.18,-2.69,6.776,6.781,6.977,42448.45,39281.11,47603.57,1.37
2020-12-08,6.8,6.82,6.68,6.66,27993.0,-0.12,-1.76,6.836,6.81,7.036,40358.15,38632.46,50031.43,0.93
2020-12-07,6.97,7.0,6.8,6.75,41617.5,-0.17,-2.44,6.87,6.828,7.104,41827.95,39851.51,55816.95,1.39
2020-12-04,6.85,7.08,6.97,6.85,53027.26,0.04,0.58,6.852,6.841,7.185,41049.32,40702.61,63834.42,1.77
2020-12-03,6.82,6.96,6.93,6.71,48447.0,0.13,1.91,6.806,6.849,7.239,38858.97,39603.58,67284.77,1.61
2020-12-02,6.85,6.9,6.8,6.75,30706.0,-0.05,-0.73,6.786,6.873,7.3,36113.76,38200.68,73594.44,1.02
2020-12-01,6.71,6.9,6.85,6.7,35342.0,0.14,2.09,6.784,6.91,7.351,36906.76,41259.94,77574.65,1.18
2020-11-30,6.74,6.86,6.71,6.67,37724.36,-0.03,-0.45,6.786,6.937,7.406,37875.06,43289.61,81415.4,1.26
2020-11-27,6.84,6.85,6.74,6.63,42075.5,-0.09,-1.32,6.83,6.988,7.461,40355.89,49537.03,86295.1,1.4
2020-11-26,6.79,6.9,6.83,6.71,34720.93,0.04,0.59,6.892,7.081,7.505,40348.19,50849.68,94168.91,1.16
2020-11-25,6.88,6.94,6.79,6.77,34671.0,-0.07,-1.02,6.96,7.173,7.571,40287.6,55926.03,103926.14,1.15
2020-11-24,6.95,7.02,6.86,6.85,40183.5,-0.07,-1.01,7.036,7.262,7.618,45613.12,61430.4,108194.96,1.34
2020-11-23,7.05,7.09,6.93,6.85,50128.5,-0.12,-1.7,7.088,7.38,7.672,48704.16,71782.39,111766.45,1.67
2020-11-20,7.18,7.2,7.05,7.0,42037.0,-0.12,-1.67,7.146,7.528,7.722,58718.16,86966.23,115268.62,1.4
2020-11-19,7.17,7.18,7.17,7.04,34418.0,0.0,0.0,7.27,7.629,7.752,61351.16,94965.96,119128.94,1.15
2020-11-18,7.0,7.24,7.17,6.95,61298.6,0.05,0.7,7.386,7.727,7.774,71564.46,108988.2,121446.03,2.04
2020-11-17,7.25,7.27,7.12,7.03,55638.68,-0.1,-1.39,7.488,7.791,7.789,77247.68,113889.36,122139.91,1.85
2020-11-16,7.66,7.7,7.22,7.18,100198.54,-0.45,-5.87,7.672,7.874,7.811,94860.62,119541.19,122359.42,3.34
2020-11-13,7.75,7.81,7.67,7.57,55202.0,-0.08,-1.03,7.91,7.934,7.826,115214.29,123053.18,121002.75,1.84
2020-11-12,7.63,7.76,7.75,7.42,85484.5,0.07,0.91,7.988,7.928,7.821,128580.75,137488.15,123346.48,2.85
2020-11-11,8.08,8.1,7.68,7.6,89714.69,-0.36,-4.48,8.068,7.968,7.804,146411.94,151926.25,121454.35,2.99
2020-11-10,8.3,8.37,8.04,7.86,143703.38,-0.37,-4.4,8.094,7.973,7.792,150531.04,154959.52,121374.59,4.79
2020-11-09,8.1,8.58,8.41,7.98,201966.88,0.35,4.34,8.076,7.964,7.763,144221.76,151750.5,118860.61,6.73
2020-11-06,8.11,8.32,8.06,7.8,122034.3,-0.09,-1.1,7.958,7.915,7.706,130892.07,143571.01,112340.1,4.06
2020-11-05,7.8,8.29,8.15,7.75,174640.45,0.34,4.35,7.868,7.875,7.656,146395.55,143291.93,109306.53,5.82
2020-11-04,7.95,8.16,7.81,7.63,110310.19,-0.14,-1.76,7.868,7.82,7.588,157440.57,133903.86,102900.32,3.67
2020-11-03,7.84,7.97,7.95,7.68,112157.0,0.13,1.66,7.852,7.786,7.53,159388.0,130390.45,99441.31,3.73
2020-11-02,7.53,7.99,7.82,7.51,135318.41,0.21,2.76,7.852,7.748,7.461,159279.24,125177.65,95748.65,4.51
2020-10-30,8.32,8.4,7.61,7.49,199551.69,-0.54,-6.63,7.872,7.717,7.404,156249.95,118952.31,91171.3,6.64
2020-10-29,7.62,8.5,8.15,7.55,229865.55,0.42,5.43,7.882,7.714,7.361,140188.31,109204.81,85606.59,7.65
2020-10-28,8.03,8.08,7.73,7.56,120047.33,-0.22,-2.77,7.772,7.639,7.311,110367.14,90982.45,78342.61,4.0
2020-10-27,7.86,8.02,7.95,7.66,111613.23,0.03,0.38,7.72,7.611,7.274,101392.91,87789.67,76240.67,3.72
2020-10-26,7.58,8.0,7.92,7.46,120171.94,0.26,3.39,7.644,7.561,7.228,91076.06,85970.71,74551.3,4.0
2020-10-23,7.62,7.91,7.66,7.56,119243.5,0.06,0.79,7.562,7.497,7.186,81654.68,81109.19,71790.15,3.97
2020-10-22,7.42,7.67,7.6,7.28,80759.71,0.13,1.74,7.546,7.437,7.159,78221.3,75321.14,68850.47,2.69
2020-10-21,7.59,7.83,7.47,7.4,75176.17,-0.1,-1.32,7.506,7.356,7.134,71597.76,71896.79,69505.09,2.5
2020-10-20,7.49,7.63,7.57,7.44,60029.0,0.06,0.8,7.502,7.274,7.126,74186.43,68492.16,71553.06,2.0
2020-10-19,7.6,7.73,7.51,7.42,73065.0,-0.07,-0.92,7.478,7.173,7.12,80865.36,66319.64,76124.33,2.43
2020-10-16,7.52,7.76,7.58,7.4,102076.63,0.18,2.43,7.432,7.09,7.107,80563.7,63390.29,84337.3,3.4
2020-10-15,7.52,7.59,7.4,7.35,47642.0,-0.05,-0.67,7.328,7.007,7.064,72420.98,62008.37,89725.33,1.59
2020-10-14,7.48,7.67,7.45,7.38,88119.5,0.0,0.0,7.206,6.982,7.073,72195.82,65702.78,100308.51,2.93
2020-10-13,7.25,7.55,7.45,7.24,93423.69,0.17,2.33,7.046,6.936,7.116,62797.9,64691.66,105950.92,3.11
2020-10-12,7.1,7.3,7.28,7.06,71556.7,0.22,3.12,6.868,6.895,7.145,51773.91,63131.9,114977.24,2.38
2020-10-09,6.95,7.11,7.06,6.83,61363.0,0.27,3.98,6.748,6.874,7.173,46216.87,62471.11,123530.53,2.04
2020-09-30,6.69,6.81,6.79,6.62,46516.2,0.14,2.1,6.686,6.88,7.204,51595.77,62379.81,135169.16,1.55
2020-09-29,6.58,6.69,6.65,6.53,41129.92,0.09,1.37,6.758,6.912,7.231,59209.73,67113.39,140766.88,1.37
2020-09-28,6.71,6.73,6.56,6.53,38303.73,-0.12,-1.8,6.826,6.977,7.252,66585.43,74613.95,141138.04,1.28
2020-09-25,6.8,6.92,6.68,6.67,43771.5,-0.07,-1.04,6.922,7.066,7.272,74489.88,85929.03,143308.56,1.46
2020-09-24,7.1,7.1,6.75,6.75,88257.5,-0.4,-5.59,7.0,7.124,7.295,78725.34,105284.31,147804.65,2.94
2020-09-23,6.97,7.25,7.15,6.94,84586.01,0.16,2.29,7.074,7.12,7.308,73163.84,117442.29,147911.0,2.82
2020-09-22,6.98,7.21,6.99,6.93,78008.39,-0.05,-0.71,7.066,7.164,7.287,75017.04,134914.24,146729.23,2.6
2020-09-21,7.07,7.27,7.04,7.04,77826.0,-0.03,-0.42,7.128,7.295,7.279,82642.48,147210.18,146542.59,2.59
2020-09-18,7.15,7.17,7.07,6.91,64948.81,-0.05,-0.7,7.21,7.394,7.262,97368.18,166822.58,144808.09,2.16
2020-09-17,7.1,7.21,7.12,7.01,60450.0,0.01,0.14,7.248,7.472,7.237,131843.28,184589.95,143561.68,2.01
2020-09-16,7.32,7.36,7.11,6.99,93852.0,-0.19,-2.6,7.166,7.528,7.212,161720.74,207958.52,142115.88,3.13
2020-09-15,7.47,7.69,7.3,7.2,116135.58,-0.15,-2.01,7.262,7.549,7.188,194811.44,214420.37,139965.98,3.87
2020-09-14,7.34,7.58,7.45,7.22,151454.5,0.19,2.62,7.462,7.526,7.163,211777.88,207662.12,136417.45,5.04
2020-09-11,6.52,7.54,7.26,6.52,237324.31,0.55,8.2,7.578,7.478,7.129,236276.98,200688.1,131486.05,7.9
2020-09-10,7.58,7.59,6.71,6.66,209837.31,-0.88,-11.59,7.696,7.466,7.105,237336.62,190324.99,121535.44,6.99
2020-09-09,8.18,8.45,7.59,7.44,259305.5,-0.71,-8.55,7.89,7.496,7.112,254196.29,178379.71,113325.23,8.63
2020-09-08,7.93,8.3,8.3,7.76,200967.8,0.27,3.36,7.836,7.41,7.066,234029.29,158544.21,102532.39,6.69
2020-09-07,7.93,8.38,8.03,7.65,273949.97,0.18,2.29,7.59,7.263,6.988,203546.36,145875.01,94791.05,9.12
2020-09-04,7.45,7.86,7.85,7.39,242622.5,0.17,2.21,7.378,7.129,6.936,165099.22,122793.61,83094.65,8.08
2020-09-03,7.29,8.34,7.68,7.26,294135.69,0.36,4.92,7.236,7.001,6.889,143313.37,102533.42,73743.15,9.79
2020-09-02,7.1,7.44,7.32,7.08,158470.5,0.25,3.54,7.102,6.896,6.857,102563.13,76273.25,62314.24,5.28
2020-09-01,7.0,7.08,7.07,6.91,48553.13,0.1,1.44,6.984,6.826,6.847,83059.13,65511.6,58388.83,1.62
2020-08-31,7.08,7.13,6.97,6.94,81714.26,-0.17,-2.38,6.936,6.8,6.848,88203.66,65172.78,63252.31,2.72
2020-08-28,7.0,7.31,7.14,6.9,133693.27,0.13,1.85,6.88,6.78,6.872,80488.01,62284.01,64764.53,4.45
2020-08-27,6.77,7.09,7.01,6.67,90384.5,0.28,4.16,6.766,6.743,6.875,61753.46,52745.88,65095.31,3.01
2020-08-26,6.84,6.96,6.73,6.7,60950.5,-0.1,-1.46,6.69,6.727,6.875,49983.36,48270.75,67895.15,2.03
2020-08-25,6.65,6.9,6.83,6.65,74275.76,0.14,2.09,6.668,6.721,6.886,47964.06,46520.57,68869.25,2.47
2020-08-24,6.53,6.71,6.69,6.42,43136.0,0.12,1.83,6.664,6.713,6.884,42141.91,43707.09,68092.2,1.44
2020-08-21,6.64,6.7,6.57,6.49,40020.54,-0.06,-0.91,6.68,6.743,6.892,44080.01,43395.69,70322.35,1.33
2020-08-20,6.58,6.7,6.63,6.52,31534.0,0.01,0.15,6.72,6.777,6.894,43738.3,44952.89,72172.07,1.05
2020-08-19,6.81,6.82,6.62,6.6,50854.0,-0.19,-2.79,6.764,6.817,6.912,46558.14,48355.24,77096.2,1.69
2020-08-18,6.77,6.86,6.81,6.73,45165.0,0.04,0.59,6.774,6.868,6.919,45077.08,51266.06,78361.2,1.5
2020-08-17,6.75,6.83,6.77,6.71,52826.5,0.0,0.0,6.762,6.896,6.91,45272.28,61331.84,78697.89,1.76
2020-08-14,6.8,6.85,6.77,6.69,38312.0,-0.08,-1.17,6.806,6.964,6.906,42711.38,67245.04,79428.82,1.28
2020-08-13,6.67,6.89,6.85,6.66,45633.19,0.18,2.7,6.834,7.007,6.897,46167.48,77444.74,81209.57,1.52
2020-08-12,6.76,6.78,6.67,6.52,43448.69,-0.08,-1.19,6.87,7.023,6.879,50152.34,87519.54,83358.99,1.45
2020-08-11,6.95,7.01,6.75,6.75,46141.0,-0.24,-3.43,6.962,7.051,6.887,57455.04,91217.92,86406.56,1.54
2020-08-10,6.9,7.02,6.99,6.85,40022.0,0.08,1.16,7.03,7.055,6.9,77391.41,92477.3,89785.93,1.33
2020-08-07,7.04,7.09,6.91,6.77,55592.5,-0.12,-1.71,7.122,7.04,6.895,91778.71,97249.02,93496.79,1.85
2020-08-06,7.11,7.18,7.03,6.91,65557.5,-0.1,-1.4,7.18,7.01,6.88,108722.01,99391.24,96339.16,2.18
2020-08-05,7.07,7.21,7.13,7.03,79962.18,0.04,0.56,7.176,7.006,6.864,124886.74,105837.17,98791.34,2.66
2020-08-04,7.76,7.77,7.09,7.02,145822.88,-0.36,-4.83,7.14,6.97,6.834,124980.81,105456.35,98646.5,4.86
2020-08-03,7.24,7.53,7.45,7.24,111958.5,0.25,3.47,7.08,6.923,6.805,107563.19,96063.93,95913.49,3.73
2020-07-31,6.94,7.32,7.2,6.93,140309.0,0.19,2.71,6.958,6.847,6.761,102719.32,91612.59,95361.11,4.67
2020-07-30,6.94,7.36,7.01,6.9,146381.16,0.06,0.86,6.84,6.786,6.723,90060.47,84974.39,91938.24,4.87
2020-07-29,6.79,7.0,6.95,6.72,80432.5,0.16,2.36,6.836,6.735,6.689,86787.59,79198.44,87277.53,2.68
2020-07-28,6.89,7.0,6.79,6.71,58734.77,-0.05,-0.73,6.8,6.723,6.653,85931.89,81595.21,85330.45,1.96
2020-07-27,6.58,6.92,6.84,6.48,87739.18,0.23,3.48,6.766,6.744,6.626,84564.68,87094.55,85365.22,2.92
2020-07-24,6.92,6.92,6.61,6.59,77014.76,-0.38,-5.44,6.736,6.75,6.588,80505.86,89744.55,82186.58,2.56
2020-07-23,6.71,7.08,6.99,6.56,130016.76,0.22,3.25,6.732,6.749,6.561,79888.31,93287.08,80085.64,4.33
2020-07-22,6.62,6.81,6.77,6.57,76154.0,0.15,2.27,6.634,6.721,6.522,71609.28,91745.51,75132.22,2.54
2020-07-21,6.65,6.73,6.62,6.54,51898.69,-0.07,-1.05,6.646,6.698,6.493,77258.52,91836.66,73535.02,1.73
2020-07-20,6.5,6.69,6.69,6.48,67445.11,0.1,1.52,6.722,6.686,6.476,89624.42,95763.04,74828.18,2.25
2020-07-17,6.5,6.68,6.59,6.44,73927.0,0.09,1.39,6.764,6.675,6.447,98983.24,99109.63,75048.88,2.46
2020-07-16,6.79,6.88,6.5,6.31,88621.61,-0.33,-4.83,6.766,6.659,6.432,106685.84,98902.08,75610.01,2.95
2020-07-15,7.2,7.29,6.83,6.75,104400.19,-0.17,-2.43,6.808,6.642,6.417,111881.73,95356.62,75310.12,3.48
2020-07-14,6.93,7.15,7.0,6.78,113728.21,0.1,1.45,6.75,6.583,6.379,106414.79,89065.7,73526.11,3.79
2020-07-13,6.62,6.92,6.9,6.62,114239.21,0.3,4.54,6.65,6.508,6.328,101901.65,83635.88,69634.08,3.8
2020-07-10,6.71,6.98,6.6,6.55,112440.0,-0.11,-1.64,6.586,6.426,6.281,99236.02,74628.61,65877.29,3.74
2020-07-09,6.48,6.81,6.71,6.48,114601.05,0.17,2.6,6.552,6.373,6.247,91118.32,66884.21,62583.35,3.82
2020-07-08,6.5,6.57,6.54,6.4,77065.5,0.04,0.61,6.476,6.322,6.212,78831.51,58518.93,58983.51,2.57
2020-07-07,6.59,6.59,6.5,6.5,91162.5,-0.08,-1.22,6.416,6.288,6.188,71716.61,55233.38,58411.26,3.04
2020-07-06,6.4,6.62,6.58,6.4,100911.04,0.15,2.33,6.366,6.265,6.163,65370.11,53893.33,59712.08,3.36
2020-07-03,6.33,6.45,6.43,6.24,71851.5,0.1,1.58,6.266,6.219,6.145,50021.2,50988.12,65739.8,2.39
2020-07-02,6.24,6.4,6.33,6.21,53167.0,0.09,1.44,6.194,6.204,6.148,42650.1,52317.94,66572.19,1.77
2020-07-01,6.3,6.31,6.24,6.15,41491.0,-0.01,-0.16,6.168,6.191,6.126,38206.34,55263.61,65616.57,1.38
2020-06-30,6.1,6.3,6.25,6.08,59430.0,0.17,2.8,6.16,6.174,6.108,38750.14,57986.53,65991.87,1.98
2020-06-29,6.06,6.17,6.08,6.0,24166.5,0.01,0.17,6.164,6.148,6.086,42416.54,55632.27,64538.27,0.81
2020-06-24,6.19,6.19,6.07,6.06,34996.0,-0.13,-2.1,6.172,6.136,6.071,51955.04,57125.97,64671.12,1.17
2020-06-23,6.17,6.23,6.2,6.14,30948.21,0.0,0.0,6.214,6.12,6.057,61985.78,58282.49,64838.02,1.03
2020-06-22,6.32,6.32,6.2,6.16,44210.0,-0.07,-1.12,6.214,6.102,6.037,72320.88,59448.09,65076.71,1.48
2020-06-19,6.15,6.34,6.27,6.12,77762.0,0.15,2.45,6.188,6.087,6.012,77222.91,61589.14,63915.66,2.6
2020-06-18,6.29,6.29,6.12,6.11,71859.0,-0.16,-2.55,6.132,6.061,5.98,68848.0,65530.84,61719.16,2.4
2020-06-17,6.2,6.35,6.28,6.2,85149.69,0.08,1.29,6.1,6.071,5.959,62296.9,80491.48,59285.96,2.84
2020-06-16,6.07,6.23,6.2,6.05,82623.71,0.13,2.14,6.026,6.091,5.928,54579.2,80826.44,56209.23,2.76
2020-06-15,5.99,6.15,6.07,5.99,68720.14,0.08,1.34,5.99,6.06,5.905,46575.3,75969.53,53506.04,2.3
2020-06-12,5.88,5.99,5.99,5.83,35887.48,0.03,0.5,5.986,6.041,5.885,45955.38,73997.21,51279.52,1.2
2020-06-11,5.9,5.97,5.96,5.87,39103.48,0.05,0.85,5.99,6.024,5.869,62213.68,73444.27,50719.24,1.31
2020-06-10,6.01,6.01,5.91,5.9,46561.21,-0.11,-1.83,6.042,6.006,5.857,98686.07,72216.27,50029.07,1.56
2020-06-09,6.01,6.05,6.02,5.97,42604.21,-0.03,-0.5,6.156,5.993,5.854,107073.67,71393.55,48656.36,1.42
2020-06-08,6.0,6.06,6.05,5.97,65620.5,0.04,0.67,6.13,5.971,5.845,105363.75,70705.33,48012.55,2.19
2020-06-05,6.1,6.2,6.01,5.97,117179.0,-0.21,-3.38,6.096,5.936,5.831,102039.05,66242.18,46336.73,3.91
2020-06-04,6.49,6.54,6.22,6.19,221465.41,-0.26,-4.01,6.058,5.899,5.822,84674.85,57907.48,42759.28,7.4
2020-06-03,6.48,6.48,6.48,6.48,88499.21,0.59,10.02,5.97,5.846,5.796,45746.48,38080.44,33510.66,2.96
2020-06-02,5.88,5.92,5.89,5.84,34054.64,0.01,0.17,5.83,5.764,5.761,35713.44,31592.02,30710.85,1.14
2020-06-01,5.81,5.9,5.88,5.81,48997.0,0.06,1.03,5.812,5.75,5.752,36046.91,31042.56,30684.44,1.64
2020-05-29,5.75,5.84,5.82,5.74,30358.0,0.04,0.69,5.776,5.728,5.738,30445.32,28561.82,29516.04,1.01
2020-05-28,5.78,5.8,5.78,5.66,26823.54,0.0,0.0,5.74,5.713,5.728,31140.12,27994.22,30958.09,0.9
2020-05-27,5.79,5.84,5.78,5.77,38334.0,-0.01,-0.17,5.722,5.708,5.729,30414.41,27841.87,33245.08,1.28
2020-05-26,5.74,5.81,5.8,5.67,35722.0,0.1,1.75,5.698,5.714,5.743,27470.61,25919.17,35156.98,1.19
2020-05-25,5.65,5.76,5.7,5.64,20989.04,0.06,1.06,5.688,5.718,5.77,26038.21,25319.77,38443.33,0.7
2020-05-22,5.7,5.82,5.64,5.57,33832.0,-0.05,-0.88,5.68,5.726,5.803,26678.33,26431.27,40772.88,1.13
2020-05-21,5.68,5.74,5.69,5.66,23195.0,0.03,0.53,5.686,5.745,5.838,24848.33,27611.07,42583.14,0.77
2020-05-20,5.78,5.78,5.66,5.65,23615.0,-0.09,-1.56,5.694,5.746,5.871,25269.33,28940.87,45741.48,0.79
2020-05-19,5.71,5.75,5.75,5.67,28560.0,0.09,1.59,5.73,5.758,5.903,24367.74,29829.67,51347.93,0.95
2020-05-18,5.74,5.74,5.66,5.65,24189.64,-0.01,-0.18,5.748,5.754,5.945,24601.34,30326.32,62194.83,0.81
2020-05-15,5.72,5.75,5.67,5.66,24682.0,-0.06,-1.05,5.772,5.748,5.996,26184.21,30470.25,65317.84,0.82
2020-05-14,5.81,5.82,5.73,5.73,25300.0,-0.11,-1.88,5.804,5.743,6.017,30373.82,33921.95,68055.82,0.85
2020-05-13,5.79,5.84,5.84,5.73,19107.04,0.0,0.0,5.798,5.749,6.032,32612.42,38648.3,69938.69,0.64
2020-05-12,5.78,5.84,5.84,5.75,29728.0,0.06,1.04,5.786,5.771,6.037,35291.61,44394.78,72633.49,0.99
2020-05-11,5.81,5.84,5.78,5.76,32104.0,-0.05,-0.86,5.76,5.821,6.045,36051.3,51566.88,74484.68,1.07
2020-05-08,5.79,5.86,5.83,5.73,45630.04,0.13,2.28,5.724,5.879,6.057,34756.3,55114.49,75441.85,1.52
2020-05-07,5.76,5.78,5.7,5.69,36493.0,-0.08,-1.38,5.682,5.93,6.063,37470.09,57555.21,75537.91,1.22
2020-05-06,5.67,5.79,5.78,5.64,32503.0,0.07,1.23,5.7,5.995,6.068,44684.18,62542.1,75365.26,1.09
2020-04-30,5.65,5.74,5.71,5.61,33526.46,0.11,1.96,5.756,6.048,6.067,53497.96,72866.19,75459.68,1.12
2020-04-29,5.65,5.69,5.6,5.59,25629.0,-0.02,-0.36,5.882,6.135,6.067,67082.47,94063.34,75771.92,0.86
2020-04-28,5.82,5.82,5.62,5.45,59199.0,-0.17,-2.94,6.034,6.244,6.076,75472.68,100165.42,76043.42,1.98
2020-04-27,6.06,6.1,5.79,5.79,72563.42,-0.27,-4.46,6.178,6.29,6.086,77640.32,102189.68,75047.7,2.42
2020-04-24,6.33,6.37,6.06,6.05,76571.92,-0.28,-4.42,6.29,6.315,6.093,80400.02,101229.09,74042.95,2.56
2020-04-23,6.35,6.55,6.34,6.26,101449.0,-0.02,-0.31,6.34,6.302,6.094,92234.42,100872.2,73837.83,3.39
2020-04-22,6.27,6.36,6.36,6.16,67580.04,0.02,0.32,6.388,6.269,6.079,121044.2,97402.47,71633.88,2.26
2020-04-21,6.29,6.43,6.34,6.25,70037.21,-0.01,-0.16,6.454,6.235,6.058,124858.17,95769.21,71297.18,2.34
2020-04-20,6.31,6.48,6.35,6.28,86361.92,0.04,0.63,6.402,6.196,6.04,126739.04,93520.62,71280.23,2.89
2020-04-17,6.5,6.54,6.31,6.31,135743.92,-0.27,-4.1,6.34,6.14,6.017,122058.15,88188.42,69767.85,4.54
2020-04-16,6.66,6.81,6.58,6.38,245497.92,-0.11,-1.64,6.264,6.086,5.992,109509.98,78053.17,67729.52,8.2
2020-04-15,6.08,6.69,6.69,6.05,86649.88,0.61,10.03,6.15,5.999,5.961,73760.74,57480.51,59237.19,2.89
2020-04-14,6.08,6.18,6.08,5.9,79441.54,0.04,0.66,6.016,5.907,5.93,66680.24,51921.42,60040.33,2.65
2020-04-13,5.93,6.18,6.04,5.85,62957.5,0.11,1.85,5.99,5.881,5.94,60302.21,47905.72,61622.5,2.1
2020-04-10,6.01,6.16,5.93,5.93,73003.08,-0.08,-1.33,5.94,5.871,5.955,54318.69,46856.82,62006.28,2.44
2020-04-09,5.95,6.1,6.01,5.93,66751.71,-0.01,-0.17,5.908,5.886,5.984,46596.35,46803.46,62497.67,2.23
2020-04-08,5.95,6.08,6.02,5.89,51247.38,0.07,1.18,5.848,5.888,6.018,41200.28,45865.29,64654.4,1.71
2020-04-07,5.85,5.97,5.95,5.83,47551.38,0.16,2.76,5.798,5.881,6.058,37162.6,46825.15,68099.24,1.59
2020-04-03,5.74,5.82,5.79,5.72,33039.88,0.02,0.35,5.772,5.883,6.101,35509.23,49039.83,73210.33,1.1
2020-04-02,5.67,5.79,5.77,5.64,34391.38,0.06,1.05,5.802,5.894,6.149,39394.95,51347.29,76758.37,1.15
2020-04-01,5.76,5.79,5.71,5.69,39771.38,-0.06,-1.04,5.864,5.898,6.19,47010.58,57405.87,78639.71,1.33
2020-03-31,5.84,5.9,5.77,5.76,31059.0,-0.05,-0.86,5.928,5.923,6.228,50530.3,60993.88,79999.19,1.04
2020-03-30,5.91,5.92,5.82,5.76,39284.5,-0.12,-2.02,5.964,5.952,6.267,56487.7,68159.24,82283.79,1.31
2020-03-27,6.1,6.12,5.94,5.92,52468.5,-0.14,-2.3,5.994,5.998,6.3,62570.43,75339.29,83989.77,1.75
2020-03-26,6.01,6.14,6.08,5.96,72469.5,0.05,0.83,5.986,6.039,6.317,63299.63,77155.74,88749.4,2.42
2020-03-25,6.02,6.05,6.03,5.96,57370.0,0.08,1.34,5.932,6.081,6.358,67801.16,78191.88,94367.16,1.92
2020-03-24,6.0,6.03,5.95,5.76,60846.0,-0.02,-0.34,5.918,6.147,6.385,71457.46,83443.5,96627.02,2.03
2020-03-23,5.8,6.06,5.97,5.75,69698.14,0.07,1.19,5.94,6.234,6.419,79830.78,89373.32,99274.62,2.33
2020-03-20,5.84,5.91,5.9,5.75,56114.5,0.09,1.55,6.002,6.319,6.456,88108.15,97380.83,100789.75,1.87
2020-03-19,5.98,5.98,5.81,5.65,94977.14,-0.15,-2.52,6.092,6.404,6.495,91011.85,102169.45,103958.87,3.17
2020-03-18,6.1,6.16,5.96,5.94,75651.5,-0.1,-1.65,6.23,6.481,6.541,88582.6,99873.56,105673.11,2.53
2020-03-17,6.25,6.36,6.06,5.87,102712.6,-0.22,-3.5,6.376,6.533,6.578,95429.55,99004.5,110310.23,3.43
2020-03-16,6.46,6.78,6.28,6.0,111085.0,-0.07,-1.1,6.528,6.581,6.623,98915.87,96408.34,114843.87,3.71
2020-03-13,6.2,6.41,6.35,6.12,70633.0,-0.15,-2.31,6.636,6.602,6.657,106653.51,92640.25,121359.41,2.36
2020-03-12,6.66,6.78,6.5,6.39,82830.89,-0.19,-2.84,6.716,6.594,6.669,113327.05,100343.06,126855.96,2.77
2020-03-11,6.81,7.0,6.69,6.68,109886.26,-0.13,-1.91,6.732,6.634,6.668,111164.51,110542.44,131079.48,3.67
2020-03-10,6.69,6.82,6.82,6.35,120144.19,0.0,0.0,6.69,6.622,6.67,102579.46,109810.53,139679.06,4.01
2020-03-09,6.72,7.0,6.82,6.63,149773.23,0.07,1.04,6.634,6.603,6.674,93900.82,109175.92,154521.13,5.0
2020-03-06,6.55,6.79,6.75,6.5,104000.69,0.17,2.58,6.568,6.593,6.651,78626.99,104198.67,155860.8,3.47
2020-03-05,6.52,6.6,6.58,6.48,72018.19,0.1,1.54,6.472,6.585,6.638,87359.07,105748.3,160515.53,2.41
2020-03-04,6.47,6.53,6.48,6.37,66960.98,-0.06,-0.92,6.536,6.6,6.631,109920.37,111472.66,168556.07,2.24
2020-03-03,6.53,6.64,6.54,6.48,76751.0,0.05,0.77,6.554,6.623,6.625,117041.61,121615.96,176072.16,2.56
2020-03-02,6.37,6.54,6.49,6.3,73404.1,0.22,3.51,6.572,6.665,6.596,124451.02,133279.4,180374.9,2.45
2020-02-28,6.76,6.84,6.27,6.26,147661.09,-0.63,-9.13,6.618,6.712,6.543,129770.34,150078.57,183661.75,4.93
2020-02-27,6.6,6.97,6.9,6.57,184824.69,0.33,5.02,6.698,6.744,6.531,124137.52,153368.85,180982.18,6.18
2020-02-26,6.58,6.67,6.57,6.46,102567.15,-0.06,-0.91,6.664,6.702,6.496,113024.96,151616.53,177981.88,3.43
2020-02-25,6.58,6.71,6.63,6.41,113798.09,-0.09,-1.34,6.692,6.717,6.485,126190.31,169547.6,183111.44,3.8
2020-02-24,6.64,6.81,6.72,6.6,100000.67,0.05,0.75,6.758,6.745,6.456,142107.77,199866.35,181447.74,3.34
2020-02-21,6.68,6.82,6.67,6.59,119497.01,-0.06,-0.89,6.806,6.709,6.415,170386.8,207522.93,178490.95,3.99
2020-02-20,6.67,6.74,6.73,6.52,129261.86,0.02,0.3,6.79,6.69,6.376,182600.17,215282.76,174627.28,4.32
2020-02-19,6.84,6.85,6.71,6.66,168393.92,-0.25,-3.59,6.74,6.662,6.338,190208.1,225639.48,170458.23,5.63
2020-02-18,6.99,7.15,6.96,6.78,193385.41,0.0,0.0,6.742,6.626,6.304,212904.88,230528.37,164544.71,6.46
2020-02-17,6.66,7.1,6.96,6.62,241395.8,0.37,5.62,6.732,6.527,6.261,257624.92,227470.41,157302.23,8.07
2020-02-14,6.61,6.87,6.59,6.5,180563.88,0.11,1.7,6.612,6.374,6.216,244659.05,217244.94,148309.99,6.03
2020-02-13,6.6,6.69,6.48,6.4,167301.48,-0.24,-3.57,6.59,6.318,6.19,247965.35,208595.5,142604.63,5.59
2020-02-12,6.59,6.74,6.72,6.31,281877.84,-0.19,-2.75,6.584,6.29,6.162,261070.87,204347.24,137890.17,9.42
2020-02-11,6.41,7.0,6.91,6.41,416985.59,0.55,8.65,6.51,6.253,6.131,248151.85,196675.28,127373.37,13.93
2020-02-10,6.69,6.69,6.36,6.22,176566.48,-0.12,-1.85,6.322,6.167,6.084,197315.9,163029.14,110300.8,5.9
2020-02-07,6.44,6.66,6.48,6.18,197095.34,0.03,0.47,6.136,6.121,6.068,189830.82,149458.97,106274.19,6.58
2020-02-06,6.27,6.73,6.45,6.14,232829.08,0.1,1.57,6.046,6.061,6.043,169225.66,133971.81,100863.56,7.78
2020-02-05,5.89,6.36,6.35,5.88,217282.77,0.38,6.37,5.996,6.014,6.018,147623.61,115276.98,95933.6,7.26
2020-02-04,5.31,5.97,5.97,5.3,162805.81,0.54,9.95,5.996,5.982,5.994,145198.72,98561.06,87956.98,5.44
2020-02-03,5.53,5.82,5.43,5.43,139141.08,-0.6,-9.95,6.012,5.995,5.983,128742.39,87134.05,82453.15,4.65
2020-01-23,6.15,6.38,6.03,5.98,94069.55,-0.17,-2.74,6.106,6.058,6.0,109087.13,79375.04,77690.53,3.14
2020-01-22,6.26,6.38,6.2,6.08,124818.86,-0.15,-2.36,6.076,6.061,5.983,98717.96,76613.75,75467.14,4.17
2020-01-21,6.17,6.54,6.35,6.11,205158.28,0.3,4.96,6.032,6.034,5.961,82930.35,71433.09,71139.91,6.85
2020-01-20,5.98,6.24,6.05,5.94,80524.16,0.15,2.54,5.968,6.008,5.926,51923.39,58071.45,63561.98,2.69
2020-01-17,5.91,6.01,5.9,5.88,40864.79,0.02,0.34,5.978,6.001,5.913,45525.71,57572.46,61930.91,1.37
2020-01-16,6.0,6.01,5.88,5.87,42223.69,-0.1,-1.67,6.01,6.015,5.913,49662.95,63089.41,63302.17,1.41
2020-01-15,6.03,6.05,5.98,5.93,45880.83,-0.05,-0.83,6.046,6.025,5.91,54509.55,67755.32,63405.16,1.53
2020-01-14,6.15,6.15,6.03,6.02,50123.5,-0.07,-1.15,6.036,6.022,5.901,59935.83,76590.22,63642.2,1.67
2020-01-13,6.06,6.1,6.1,5.99,48535.73,0.04,0.66,6.048,6.005,5.886,64219.51,77352.9,63270.86,1.62
2020-01-10,6.08,6.1,6.06,6.02,61550.99,0.0,0.0,6.024,5.97,5.863,69619.22,77772.25,62863.77,2.06
2020-01-09,5.98,6.06,6.06,5.98,66456.69,0.13,2.19,6.02,5.942,5.838,76515.87,76006.02,61012.07,2.22
2020-01-08,6.07,6.07,5.93,5.91,73012.26,-0.16,-2.63,6.004,5.905,5.817,81001.09,74320.52,58934.45,2.44
2020-01-07,5.99,6.1,6.09,5.99,71541.88,0.11,1.84,6.008,5.888,5.804,93244.6,70846.72,57062.06,2.39
2020-01-06,5.96,6.07,5.98,5.92,75534.28,-0.06,-0.99,5.962,5.843,5.782,90486.28,69052.5,55086.45,2.52
2020-01-03,6.0,6.15,6.04,5.92,96034.26,0.06,1.0,5.916,5.825,5.765,85925.27,66289.35,52751.41,3.21
2020-01-02,5.96,6.03,5.98,5.91,88882.76,0.03,0.5,5.864,5.811,5.743,75496.17,63514.93,49776.7,2.97
2019-12-31,5.84,6.15,5.95,5.83,134229.83,0.09,1.54,5.806,5.795,5.722,67639.96,59055.0,46982.98,4.48
2019-12-30,5.77,5.86,5.86,5.71,57750.28,0.11,1.91,5.768,5.779,5.703,48448.83,50694.18,42357.21,1.93
2019-12-27,5.78,5.85,5.75,5.75,52729.23,-0.03,-0.52,5.724,5.766,5.685,47618.72,49188.82,41193.37,1.76
2019-12-26,5.68,5.78,5.78,5.67,43888.73,0.09,1.58,5.734,5.756,5.674,46653.43,47955.29,41201.93,1.47
2019-12-25,5.75,5.84,5.69,5.69,49601.73,-0.07,-1.22,5.758,5.734,5.664,51533.7,46018.12,46842.74,1.66
2019-12-24,5.66,5.78,5.76,5.65,38274.2,0.12,2.13,5.784,5.729,5.676,50470.04,43548.37,47310.15,1.28
2019-12-23,5.82,5.83,5.64,5.61,53599.7,-0.16,-2.76,5.79,5.719,5.688,52939.53,43277.4,49988.96,1.79
2019-12-20,5.88,5.95,5.8,5.8,47902.8,-0.1,-1.7,5.808,5.72,5.696,50758.93,41120.39,49905.1,1.6
2019-12-19,5.81,5.91,5.9,5.79,68290.06,0.08,1.38,5.778,5.705,5.693,49257.14,39213.46,49186.01,2.29
2019-12-18,5.8,5.82,5.82,5.75,44283.43,0.03,0.52,5.71,5.675,5.688,40502.53,36038.47,47222.25,1.48
2019-12-17,5.73,5.81,5.79,5.72,50621.67,0.06,1.05,5.674,5.649,5.684,36626.69,34910.96,46483.53,1.69
2019-12-16,5.65,5.73,5.73,5.64,42696.69,0.08,1.42,5.648,5.626,5.685,33615.26,34020.24,45525.72,1.43
2019-12-13,5.6,5.66,5.65,5.57,40393.87,0.09,1.62,5.632,5.603,5.684,31481.86,33197.92,44942.39,1.35
2019-12-12,5.64,5.65,5.56,5.56,24517.0,-0.08,-1.42,5.632,5.592,5.685,29169.78,34448.58,44354.1,0.82
2019-12-11,5.62,5.69,5.64,5.61,24904.24,-0.02,-0.35,5.64,5.593,5.698,31574.4,47667.37,44567.37,0.83
2019-12-10,5.65,5.67,5.66,5.58,35564.5,0.01,0.18,5.624,5.622,5.708,33195.22,51071.93,45013.87,1.19
2019-12-09,5.66,5.71,5.65,5.62,32029.67,0.0,0.0,5.604,5.656,5.713,34425.22,56700.53,44998.65,1.07
2019-12-06,5.58,5.65,5.65,5.58,28833.5,0.05,0.89,5.574,5.672,5.717,34913.97,58689.8,45764.59,0.96
2019-12-05,5.56,5.61,5.6,5.54,36540.08,0.04,0.72,5.552,5.68,5.726,39727.37,59158.55,47701.56,1.22
2019-12-04,5.53,5.58,5.56,5.49,33008.35,0.0,0.0,5.546,5.701,5.745,63760.35,58406.04,48581.71,1.1
2019-12-03,5.48,5.6,5.56,5.43,41714.5,0.06,1.09,5.62,5.719,5.769,68948.63,58056.11,50207.14,1.4
2019-12-02,5.52,5.56,5.5,5.48,34473.44,-0.04,-0.72,5.708,5.744,5.798,78975.83,57031.21,52216.56,1.15
2019-11-29,5.57,5.61,5.54,5.48,52900.5,-0.03,-0.54,5.77,5.764,5.83,82465.63,56686.86,54854.96,1.77
2019-11-28,5.93,5.94,5.57,5.41,156704.94,-0.36,-6.07,5.808,5.777,5.857,78589.73,54259.61,57326.05,5.24
2019-11-27,5.92,6.08,5.93,5.86,58949.77,-0.07,-1.17,5.856,5.803,5.888,53051.74,41467.38,57385.0,1.97
2019-11-26,5.82,6.25,6.0,5.82,91850.5,0.19,3.27,5.818,5.793,5.896,47163.59,38955.82,67318.89,3.07
2019-11-25,5.79,5.9,5.81,5.78,51922.43,0.08,1.4,5.78,5.77,5.926,35086.59,33296.78,85073.33,1.74
2019-11-22,5.8,5.87,5.73,5.7,33521.0,-0.08,-1.38,5.758,5.761,5.986,30908.1,32839.38,101758.26,1.12
2019-11-21,5.71,5.81,5.81,5.69,29015.0,0.07,1.22,5.746,5.772,6.017,29929.5,36244.58,106266.51,0.97
2019-11-20,5.81,5.83,5.74,5.73,29509.0,-0.07,-1.21,5.75,5.788,6.016,29883.01,38757.37,106102.68,0.99
2019-11-19,5.7,5.81,5.81,5.68,31465.5,0.11,1.93,5.768,5.818,6.016,30748.06,42358.16,106176.28,1.05
2019-11-18,5.66,5.77,5.7,5.66,31030.0,0.03,0.53,5.76,5.852,6.013,31506.98,47401.91,106038.67,1.04
2019-11-15,5.8,5.82,5.67,5.66,28628.0,-0.16,-2.74,5.764,5.896,6.011,34770.66,53023.05,106219.3,0.96
2019-11-14,5.79,5.84,5.83,5.75,28782.56,0.0,0.0,5.798,5.937,6.008,42559.65,60392.49,106571.77,0.96
2019-11-13,5.79,5.87,5.83,5.76,33834.24,0.06,1.04,5.826,5.973,6.003,47631.73,73302.63,107600.85,1.13
2019-11-12,5.68,5.8,5.77,5.66,35260.11,0.05,0.87,5.868,5.998,6.004,53968.27,95681.96,108093.53,1.18
2019-11-11,5.84,5.84,5.72,5.65,47348.4,-0.12,-2.06,5.944,6.082,6.011,63296.83,136849.88,108564.9,1.58
2019-11-08,6.01,6.01,5.84,5.82,67572.96,-0.13,-2.18,6.028,6.21,6.03,71275.43,170677.13,108706.23,2.26
2019-11-07,6.0,6.06,5.97,5.92,54142.96,-0.07,-1.16,6.076,6.262,6.041,78225.32,176288.44,106913.04,1.81
2019-11-06,6.1,6.15,6.04,6.02,65516.9,-0.11,-1.79,6.12,6.243,6.045,98973.52,173447.99,105558.95,2.19
2019-11-05,6.1,6.19,6.15,6.06,81902.94,0.01,0.16,6.128,6.214,6.042,137395.66,169994.4,103127.36,2.74
2019-11-04,6.06,6.17,6.14,6.03,87241.4,0.06,0.99,6.22,6.173,6.029,210402.93,164675.44,100121.56,2.92
2019-11-01,6.08,6.14,6.08,5.85,102322.4,-0.11,-1.78,6.392,6.125,6.015,270078.83,159415.56,96979.52,3.42
2019-10-31,6.05,6.24,6.19,6.01,157883.95,0.11,1.81,6.448,6.079,6.008,274351.55,152751.05,93079.35,5.28
2019-10-30,6.26,6.39,6.08,6.07,257627.59,-0.53,-8.02,6.366,6.032,5.989,247922.46,141899.06,86978.42,8.62
2019-10-29,7.03,7.5,6.61,6.59,446939.31,-0.39,-5.57,6.3,6.009,5.983,202593.15,120505.1,76632.5,14.96
2019-10-28,6.55,7.0,7.0,6.35,385620.88,0.64,10.06,6.126,5.94,5.964,118947.94,80279.92,56513.99,12.91
2019-10-25,5.78,6.36,6.36,5.73,123686.04,0.58,10.04,5.858,5.849,5.921,48752.29,46735.32,38871.67,4.14
2019-10-24,5.74,5.79,5.78,5.71,25738.5,0.03,0.52,5.71,5.82,5.914,31150.54,37537.65,34535.78,0.86
2019-10-23,5.72,5.8,5.75,5.71,30981.0,0.01,0.17,5.698,5.846,5.934,35875.66,37669.9,35105.5,1.04
2019-10-22,5.67,5.75,5.74,5.63,28713.29,0.08,1.41,5.718,5.869,5.953,38417.05,36260.32,35264.07,0.96
2019-10-21,5.73,5.77,5.66,5.61,34642.61,0.04,0.71,5.754,5.884,5.971,41611.89,35567.69,36467.31,1.16
2019-10-18,5.71,5.78,5.62,5.6,35677.31,-0.1,-1.75,5.84,5.904,6.001,44718.36,34543.48,37134.63,1.19
2019-10-17,5.85,5.86,5.72,5.69,49364.11,-0.13,-2.22,5.93,5.936,6.032,43924.75,33407.64,37981.27,1.65
2019-10-16,5.98,6.0,5.85,5.82,43687.93,-0.07,-1.18,5.994,5.946,6.055,39464.14,32057.78,39228.76,1.46
2019-10-15,6.07,6.07,5.92,5.88,44687.5,-0.17,-2.79,6.02,5.957,6.075,34103.58,32759.89,41329.59,1.5
2019-10-14,6.08,6.16,6.09,6.06,50174.95,0.02,0.33,6.014,5.987,6.087,29523.48,32748.05,41806.11,1.68
2019-10-11,6.04,6.1,6.07,6.02,31709.26,0.03,0.5,5.968,5.993,6.086,24368.59,31008.02,41375.17,1.06
2019-10-10,5.98,6.06,6.04,5.95,27061.06,0.06,1.0,5.942,6.007,6.085,22890.54,31533.91,42649.38,0.91
2019-10-09,5.85,5.98,5.98,5.84,16885.13,0.09,1.53,5.898,6.021,6.085,24651.41,32541.1,43056.06,0.57
2019-10-08,5.86,6.04,5.89,5.86,21787.0,0.03,0.51,5.894,6.036,6.087,31416.21,34267.83,44234.87,0.73
2019-09-30,5.91,5.96,5.86,5.85,24400.5,-0.08,-1.35,5.96,6.058,6.091,35972.63,37366.94,45362.3,0.82
2019-09-27,5.9,5.96,5.94,5.82,24319.0,0.12,2.06,6.018,6.098,6.089,37647.44,39725.79,46924.35,0.81
2019-09-26,6.01,6.07,5.82,5.8,35865.42,-0.14,-2.35,6.072,6.128,6.093,40177.27,42554.89,47751.1,1.2
2019-09-25,6.16,6.21,5.96,5.96,50709.11,-0.26,-4.18,6.144,6.164,6.107,40430.79,46399.75,48138.58,1.7
2019-09-24,6.15,6.27,6.22,6.11,44569.11,0.07,1.14,6.178,6.192,6.122,37119.45,49899.28,49644.97,1.49
2019-09-23,6.2,6.2,6.15,6.05,32774.58,-0.06,-0.97,6.156,6.187,6.116,38761.25,50864.17,51325.19,1.1
2019-09-20,6.18,6.25,6.21,6.15,36968.14,0.03,0.48,6.178,6.179,6.121,41804.13,51742.32,54689.7,1.24
2019-09-19,6.18,6.21,6.18,6.03,37133.0,0.05,0.82,6.184,6.163,6.112,44932.5,53764.85,54759.69,1.24
2019-09-18,6.1,6.22,6.13,6.07,34152.4,0.02,0.33,6.184,6.149,6.1,52368.7,53571.01,54016.04,1.14
2019-09-17,6.26,6.28,6.11,6.06,52778.11,-0.15,-2.4,6.206,6.138,6.09,62679.12,54201.92,54141.55,1.77
2019-09-16,6.23,6.32,6.26,6.19,47989.0,0.02,0.32,6.218,6.123,6.084,62967.1,53357.66,54021.9,1.61
2019-09-12,6.17,6.26,6.24,6.13,52610.0,0.06,0.97,6.18,6.079,6.065,61680.5,54122.91,53676.54,2.59
2019-09-11,6.23,6.36,6.18,6.17,74314.0,-0.06,-0.96,6.142,6.057,6.046,62597.2,52947.31,54379.85,3.66
2019-09-10,6.18,6.31,6.24,6.11,85704.5,0.07,1.14,6.114,6.05,6.023,54773.32,49877.41,52136.6,4.22
2019-09-09,6.12,6.17,6.17,6.08,54218.0,0.1,1.65,6.07,6.051,5.994,45724.72,49390.66,48886.56,2.67
2019-09-06,6.07,6.1,6.07,6.0,41556.0,0.02,0.33,6.028,6.045,5.968,43748.22,51786.21,47119.01,2.05
2019-09-05,6.06,6.17,6.05,6.04,57193.5,0.01,0.17,5.978,6.063,5.941,46565.32,57637.08,46429.66,2.82
2019-09-04,6.02,6.04,6.04,5.97,35194.61,0.02,0.33,5.972,6.061,5.923,43297.42,55754.53,44695.56,1.73
2019-09-03,6.03,6.07,6.02,5.96,40461.5,0.06,1.01,5.986,6.05,5.902,44981.5,54461.07,44188.53,1.99
2019-09-02,5.82,5.99,5.96,5.79,44335.5,0.14,2.4,6.032,6.042,5.886,53056.6,54081.17,44545.68,2.18
2019-08-30,6.07,6.1,5.82,5.79,55641.5,-0.2,-3.32,6.062,6.044,5.888,59824.2,54686.15,44143.41,2.74
2019-08-29,6.12,6.14,6.02,6.02,40854.0,-0.09,-1.47,6.148,6.051,5.901,68708.85,53230.17,43858.49,2.01
2019-08-28,6.19,6.21,6.11,6.1,43615.0,-0.14,-2.24,6.15,6.035,5.914,68211.65,55812.39,45587.79,2.15
2019-08-27,6.11,6.39,6.25,6.06,80837.0,0.14,2.29,6.114,5.995,5.918,63940.65,54395.79,46214.97,3.98
2019-08-26,6.05,6.25,6.11,5.98,78173.5,-0.14,-2.24,6.052,5.937,5.915,55105.75,48382.47,45160.32,3.85
2019-08-23,6.0,6.34,6.25,5.96,100064.73,0.22,3.65,6.026,5.891,5.925,49548.09,42451.82,45144.43,4.93
2019-08-22,5.94,6.03,6.03,5.91,38368.0,0.1,1.69,5.954,5.818,5.929,37751.49,35222.24,44173.39,1.89
2019-08-21,5.96,5.99,5.93,5.9,22260.0,-0.01,-0.17,5.92,5.784,5.943,43413.14,33636.59,50825.54,1.1
2019-08-20,6.0,6.05,5.94,5.9,36662.5,-0.04,-0.67,5.876,5.754,5.972,44850.94,33915.99,55711.44,1.81
2019-08-19,5.89,5.98,5.98,5.84,50385.23,0.09,1.53,5.822,5.73,5.97,41659.18,35010.19,54703.04,2.48
2019-08-16,5.86,5.89,5.89,5.75,41081.73,0.03,0.51,5.756,5.731,5.962,35355.54,33600.68,53292.41,2.02
2019-08-15,5.55,6.2,5.86,5.54,66676.23,0.15,2.63,5.682,5.75,5.968,32692.99,34486.82,52217.7,3.28
2019-08-14,5.71,5.77,5.71,5.66,29449.0,0.04,0.7,5.648,5.792,5.973,23860.05,35363.19,50041.59,1.45
2019-08-13,5.58,5.67,5.67,5.5,20703.73,0.02,0.35,5.632,5.84,5.992,22981.05,38034.14,49891.22,1.02
2019-08-12,5.52,5.65,5.65,5.52,18867.0,0.13,2.35,5.638,5.893,6.011,28361.2,41938.17,49954.19,0.93
2019-08-09,5.73,5.75,5.52,5.51,27769.0,-0.17,-2.99,5.706,5.959,6.031,31845.82,47837.05,50458.26,1.37
2019-08-08,5.65,5.76,5.69,5.65,22511.5,0.06,1.07,5.818,6.039,6.058,36280.64,53124.53,50509.89,1.11
2019-08-07,5.75,5.79,5.63,5.63,25054.0,-0.07,-1.23,5.936,6.102,6.075,46866.34,68014.5,51126.04,1.23
2019-08-06,5.86,5.88,5.7,5.6,47604.5,-0.29,-4.84,6.048,6.189,6.091,53087.24,77506.9,50892.79,2.35
2019-08-05,6.07,6.09,5.99,5.95,36290.1,-0.09,-1.48,6.148,6.21,6.105,55515.14,74395.9,49606.21,1.79
2019-08-02,6.25,6.26,6.08,6.02,49943.1,-0.2,-3.19,6.212,6.193,6.099,63828.27,72984.14,49860.6,2.46
2019-08-01,6.15,6.29,6.28,6.08,75440.0,0.09,1.45,6.26,6.186,6.101,69968.42,69948.58,48763.35,3.72
2019-07-31,6.15,6.22,6.19,6.05,56158.5,-0.01,-0.16,6.268,6.153,6.091,89162.65,64720.0,48333.38,2.77
2019-07-30,6.23,6.31,6.2,6.16,59744.0,-0.11,-1.74,6.33,6.143,6.094,101926.55,61748.31,47092.77,2.94
2019-07-29,6.2,6.31,6.31,6.14,77855.75,-0.01,-0.16,6.272,6.129,6.101,93276.65,57970.21,45799.0,3.84
2019-07-26,6.25,6.35,6.32,6.2,80643.84,0.0,0.0,6.174,6.103,6.103,82140.0,53079.48,44219.01,3.97
2019-07-25,6.5,6.63,6.32,6.23,171411.16,-0.18,-2.77,6.112,6.076,6.097,69928.73,47895.25,43496.46,8.44
2019-07-24,6.0,6.5,6.5,6.0,119978.0,0.59,9.98,6.038,6.048,6.104,40277.34,34237.59,39303.42,5.91
2019-07-23,5.79,5.93,5.91,5.76,16494.5,0.09,1.55,5.956,5.993,6.1,21570.06,24278.69,35657.09,0.81
2019-07-22,6.04,6.04,5.82,5.78,22172.5,-0.19,-3.16,5.986,6.0,6.126,22663.76,24816.52,38135.49,1.09
2019-07-19,5.97,6.06,6.01,5.96,19587.5,0.06,1.01,6.032,6.004,6.163,24018.96,26737.07,42396.07,0.96
2019-07-18,6.04,6.09,5.95,5.93,23154.2,-0.14,-2.3,6.04,6.015,6.198,25861.76,27578.12,50850.41,1.14
2019-07-17,6.07,6.11,6.09,6.02,26441.6,0.03,0.49,6.058,6.028,6.223,28197.84,31946.77,55914.14,1.3
2019-07-16,6.04,6.12,6.06,6.04,21963.0,0.01,0.17,6.03,6.044,6.251,26987.32,32437.23,63919.71,1.08
2019-07-15,6.02,6.08,6.05,5.86,28948.51,0.0,0.0,6.014,6.072,6.273,26969.27,33627.8,74259.06,1.43
2019-07-12,6.06,6.08,6.05,5.95,28801.5,0.01,0.17,5.976,6.103,6.292,29455.17,35358.54,75005.66,1.42
2019-07-11,6.03,6.08,6.04,5.96,34834.57,0.09,1.51,5.99,6.118,6.282,29294.47,39097.67,74904.03,1.72
2019-07-10,6.03,6.04,5.95,5.91,20389.0,-0.03,-0.5,5.998,6.16,6.284,35695.69,44369.25,74401.71,1.0
2019-07-09,5.83,5.98,5.98,5.83,21872.77,0.12,2.05,6.058,6.207,6.29,37887.13,47035.5,75333.56,1.08
2019-07-08,6.12,6.13,5.86,5.8,41378.0,-0.26,-4.25,6.13,6.251,6.295,40286.32,51454.47,76789.4,2.04
2019-07-05,6.08,6.17,6.12,6.06,27998.0,0.04,0.66,6.23,6.322,6.291,41261.92,58055.07,75822.01,1.38
2019-07-04,6.24,6.27,6.08,5.99,66840.7,-0.17,-2.72,6.246,6.38,6.272,48900.88,74122.7,75898.35,3.29
2019-07-03,6.34,6.34,6.25,6.2,31346.2,-0.09,-1.42,6.322,6.418,6.263,53042.8,79881.51,73852.43,1.54
2019-07-02,6.36,6.42,6.34,6.31,33868.7,-0.02,-0.31,6.356,6.457,6.246,56183.86,95402.2,73801.99,1.67
2019-07-01,6.35,6.38,6.36,6.24,46256.0,0.16,2.58,6.372,6.473,6.233,62622.62,114890.32,73393.93,2.28
2019-06-28,6.46,6.53,6.2,6.15,66192.79,-0.26,-4.03,6.414,6.481,6.224,74848.22,114652.77,72256.5,3.26
2019-06-27,6.36,6.64,6.46,6.36,87550.29,0.04,0.62,6.514,6.446,6.224,99344.51,110710.39,70971.19,4.32
2019-06-26,6.38,6.5,6.42,6.32,47051.5,0.0,0.0,6.514,6.408,6.218,106720.21,104434.17,68398.02,2.32
2019-06-25,6.55,6.56,6.42,6.36,66062.5,-0.15,-2.28,6.558,6.372,6.213,134620.54,103631.62,67942.8,3.26
2019-06-24,6.61,6.74,6.57,6.41,107384.0,-0.13,-1.94,6.574,6.338,6.21,167158.03,102124.33,67575.49,5.29
2019-06-21,6.75,6.98,6.7,6.54,188674.28,0.24,3.71,6.548,6.26,6.184,154457.33,93588.95,64112.37,9.3
2019-06-20,6.5,6.57,6.46,6.31,124428.79,-0.18,-2.71,6.378,6.163,6.146,122076.27,77674.01,57651.86,6.13
2019-06-19,6.38,6.78,6.64,6.33,186553.14,0.14,2.15,6.302,6.108,6.139,102148.12,67823.36,52849.19,9.2
2019-06-18,6.84,6.84,6.5,6.49,228749.94,0.06,0.93,6.186,6.035,6.129,72642.69,52201.78,45211.88,11.28
2019-06-17,5.95,6.44,6.44,5.9,43880.5,0.59,10.09,6.102,5.992,6.122,37090.63,31897.54,35338.74,2.16
2019-06-14,6.05,6.11,5.85,5.82,26769.0,-0.23,-3.78,5.972,5.967,6.111,32720.56,29860.23,35940.54,1.32
2019-06-13,6.06,6.08,6.08,5.99,24788.0,0.02,0.33,5.948,6.001,6.148,33271.74,31231.98,36384.6,1.22
2019-06-12,6.08,6.14,6.06,5.97,39026.0,-0.02,-0.33,5.914,6.028,6.171,33498.6,32361.88,36974.15,1.92
2019-06-11,5.79,6.09,6.08,5.74,50989.65,0.29,5.01,5.884,6.054,6.186,31760.87,32253.98,36570.27,2.51
2019-06-10,5.7,5.84,5.79,5.7,22030.15,0.06,1.05,5.882,6.081,6.209,26704.45,33026.66,35613.78,1.09
2019-06-06,5.91,5.96,5.73,5.66,29524.89,-0.18,-3.05,5.962,6.108,6.244,26999.9,34635.8,36562.25,1.46
2019-06-05,5.95,6.03,5.91,5.89,25922.29,0.0,0.0,6.054,6.129,6.273,29192.22,37629.71,36300.48,1.28
2019-06-04,6.07,6.1,5.91,5.85,30337.36,-0.16,-2.64,6.142,6.17,6.296,31225.16,37875.03,36551.66,1.5
2019-06-03,6.23,6.25,6.07,6.04,25707.57,-0.12,-1.94,6.224,6.223,6.319,32747.09,38221.98,37041.92,1.27
2019-05-31,6.23,6.3,6.19,6.12,23507.39,0.0,0.0,6.28,6.251,6.324,39348.86,38779.93,38470.17,1.16
2019-05-30,6.34,6.35,6.19,6.07,40486.5,-0.16,-2.52,6.254,6.254,6.356,42271.69,42020.85,39254.7,2.0
2019-05-29,6.4,6.44,6.35,6.28,36087.0,0.03,0.47,6.204,6.295,6.377,46067.19,41537.22,40090.47,1.78
2019-05-28,6.44,6.44,6.32,6.31,37947.0,-0.03,-0.47,6.198,6.313,6.406,44524.9,41586.42,40863.32,1.87
2019-05-27,6.15,6.5,6.35,6.04,58716.42,0.29,4.79,6.222,6.318,6.445,43696.87,40886.55,42701.07,2.89
2019-05-24,5.96,6.13,6.06,5.96,38121.54,0.12,2.02,6.222,6.336,6.506,38211.0,38200.9,43195.2,1.88
2019-05-23,6.26,6.3,5.94,5.89,59464.0,-0.38,-6.01,6.254,6.38,6.59,41770.01,38488.7,44157.8,2.93
2019-05-22,6.44,6.48,6.32,6.25,28375.55,-0.12,-1.86,6.386,6.417,6.679,37007.25,34971.25,44295.34,1.4
2019-05-21,6.35,6.47,6.44,6.27,33806.82,0.09,1.42,6.428,6.421,6.76,38647.94,35228.29,46357.91,1.67
2019-05-20,6.27,6.42,6.35,6.22,31287.08,0.13,2.09,6.414,6.414,6.836,38076.24,35861.86,50999.34,1.54
2019-05-17,6.58,6.72,6.22,6.2,55916.58,-0.38,-5.76,6.45,6.397,6.906,38190.8,38160.4,53397.22,2.76
2019-05-16,6.48,6.68,6.6,6.48,35650.2,0.08,1.23,6.506,6.458,6.982,35207.39,36488.55,54363.87,1.76
2019-05-15,6.41,6.55,6.53,6.37,36579.0,0.16,2.51,6.448,6.459,7.034,32935.25,38643.73,57187.82,1.8
2019-05-14,6.5,6.5,6.37,6.35,30948.35,-0.16,-2.45,6.414,6.499,7.087,31808.65,40140.23,63038.08,1.53
2019-05-13,6.49,6.57,6.53,6.34,31859.88,0.03,0.46,6.414,6.572,7.171,33647.48,44515.59,71854.71,1.57
2019-05-10,6.33,6.54,6.5,6.2,40999.53,0.19,3.01,6.344,6.676,7.244,38130.01,48189.5,90395.42,2.02
2019-05-09,6.26,6.41,6.31,6.26,24289.5,-0.05,-0.79,6.41,6.8,7.331,37769.7,49826.9,93412.49,1.2
2019-05-08,6.2,6.44,6.36,6.19,30946.0,-0.01,-0.16,6.47,6.94,7.39,44352.2,53619.43,96276.31,1.53
2019-05-07,6.28,6.48,6.37,6.23,40142.5,0.19,3.07,6.584,7.099,7.444,48471.8,57487.53,99257.06,1.98
2019-05-06,6.65,6.65,6.18,6.15,54272.5,-0.65,-9.52,6.73,7.257,7.503,55383.7,66136.83,101634.79,2.68
2019-04-30,6.61,6.95,6.83,6.61,39198.0,0.22,3.33,7.008,7.414,7.576,58249.0,68634.04,105816.37,1.93
2019-04-29,6.86,6.95,6.61,6.43,57202.0,-0.32,-4.62,7.19,7.506,7.609,61884.1,72239.19,111038.57,2.82
2019-04-26,7.04,7.19,6.93,6.93,51544.0,-0.17,-2.39,7.41,7.609,7.639,62886.66,75731.91,112962.92,2.54
2019-04-25,7.48,7.64,7.1,7.1,74702.0,-0.47,-6.21,7.614,7.674,7.65,66503.26,85935.93,116069.49,3.68
2019-04-24,7.75,7.75,7.57,7.26,68599.0,-0.17,-2.2,7.784,7.769,7.668,76889.95,99193.83,121733.66,3.38
2019-04-23,7.65,7.88,7.74,7.65,57373.5,0.03,0.39,7.82,7.812,7.635,79019.08,132601.33,122638.66,2.83
2019-04-22,7.95,8.03,7.71,7.67,62214.82,-0.24,-3.02,7.822,7.862,7.607,82594.28,136998.09,125073.31,3.07
2019-04-19,8.03,8.04,7.95,7.8,69627.0,0.0,0.0,7.808,7.84,7.576,88577.15,138933.19,125689.52,3.43
2019-04-18,7.7,8.12,7.95,7.64,126635.45,0.2,2.58,7.734,7.788,7.528,105368.59,141026.58,126732.87,6.24
2019-04-17,7.7,7.82,7.75,7.64,79244.61,0.0,0.0,7.754,7.748,7.479,121497.71,137132.76,122900.04,3.91
2019-04-16,7.54,7.78,7.75,7.41,75249.5,0.11,1.44,7.804,7.737,7.439,186183.59,142998.7,121932.05,3.71
2019-04-15,7.66,7.89,7.64,7.59,92129.17,0.06,0.79,7.902,7.712,7.406,191401.9,149837.95,121990.17,4.54
2019-04-12,7.85,8.01,7.58,7.5,153584.22,-0.47,-5.84,7.872,7.669,7.366,189289.24,150193.93,120170.01,7.57
2019-04-11,7.72,8.4,8.05,7.72,207281.05,0.05,0.62,7.842,7.626,7.322,176684.57,146203.06,115686.59,10.22
2019-04-10,8.41,8.86,8.0,7.96,402674.0,-0.24,-2.91,7.742,7.566,7.268,152767.81,144273.49,109353.74,19.85
2019-04-09,7.55,8.24,8.24,7.55,101341.06,0.75,10.01,7.67,7.458,7.226,99813.81,112675.99,94296.58,5.0
2019-04-08,7.48,7.59,7.49,7.27,81565.88,0.06,0.81,7.522,7.351,7.172,108274.0,113148.53,94097.38,4.02
2019-04-04,7.55,7.63,7.43,7.0,90560.88,-0.12,-1.59,7.466,7.311,7.143,111098.62,112445.84,99519.59,4.46
2019-04-03,7.56,7.61,7.55,7.45,87697.24,-0.09,-1.18,7.41,7.268,7.154,115721.55,112439.15,111461.46,4.32
2019-04-02,7.54,7.84,7.64,7.42,137904.0,0.14,1.87,7.39,7.209,7.138,135779.18,108667.31,110161.47,6.8
2019-04-01,7.2,7.69,7.5,7.15,143642.0,0.29,4.02,7.246,7.141,7.084,125538.18,100865.4,107264.62,7.08
2019-03-29,7.1,7.21,7.21,6.82,95689.0,0.06,0.84,7.18,7.1,7.029,118023.05,94142.4,104332.63,4.72
2019-03-28,7.28,7.34,7.15,7.15,113675.5,-0.3,-4.03,7.156,7.063,6.985,113793.05,90146.1,102233.87,5.6
2019-03-27,6.97,7.5,7.45,6.81,187985.38,0.53,7.66,7.126,7.018,6.947,109156.75,85170.13,100306.52,9.27
2019-03-26,7.12,7.34,6.92,6.82,86699.0,-0.25,-3.49,7.028,6.969,6.887,81555.45,74433.99,94312.38,4.27
2019-03-25,7.0,7.29,7.17,6.89,106066.38,0.08,1.13,7.036,6.993,6.855,76192.62,75917.17,95559.56,5.23
2019-03-22,7.01,7.13,7.09,6.84,74539.0,0.09,1.29,7.02,6.992,6.815,70261.74,75046.24,95685.63,3.67
2019-03-21,6.95,7.1,7.0,6.91,90494.0,0.04,0.57,6.97,6.974,6.763,66499.14,86593.33,96432.27,4.46
2019-03-20,6.96,7.02,6.96,6.77,49978.86,0.0,0.0,6.91,7.039,6.702,61183.5,110483.77,94730.79,2.46
2019-03-19,7.09,7.14,6.96,6.91,59884.86,-0.13,-1.83,6.91,7.066,6.648,67312.52,111655.63,94102.9,2.95
2019-03-18,6.77,7.16,7.09,6.71,76412.0,0.25,3.65,6.95,7.027,6.592,75641.72,113663.85,93601.81,3.77
2019-03-15,6.7,6.94,6.84,6.7,55725.97,0.14,2.09,6.964,6.957,6.532,79830.74,114522.87,92576.08,2.75
2019-03-14,7.04,7.05,6.7,6.56,63915.83,-0.26,-3.74,6.978,6.907,6.477,106687.53,114321.65,92531.48,3.15
2019-03-13,7.16,7.23,6.96,6.86,80623.95,-0.2,-2.79,7.168,6.876,6.424,159784.03,115442.91,90723.59,3.97
2019-03-12,7.16,7.39,7.16,7.02,101530.86,0.0,0.0,7.222,6.804,6.359,155998.75,114190.78,88453.91,5.0
2019-03-11,6.84,7.18,7.16,6.84,97357.07,0.25,3.62,7.104,6.717,6.281,151685.98,115201.94,85011.46,4.8
2019-03-08,7.4,7.46,6.91,6.9,190009.94,-0.74,-9.67,6.95,6.637,6.197,149215.0,116325.02,81129.92,9.37
2019-03-07,7.95,7.95,7.65,7.48,329398.31,0.42,5.81,6.836,6.552,6.116,121955.78,106271.21,72698.7,16.24
2019-03-06,6.57,7.23,7.23,6.57,61697.55,0.66,10.05,6.584,6.365,5.988,71101.78,78977.82,57524.44,3.04
2019-03-05,6.39,6.58,6.57,6.35,79967.03,0.18,2.82,6.386,6.229,5.891,72382.81,76550.17,55156.01,3.94
2019-03-04,6.34,6.55,6.39,6.34,85002.18,0.05,0.79,6.33,6.157,5.831,78717.9,73539.76,52331.28,4.19
2019-03-01,6.42,6.47,6.34,6.25,53713.81,-0.05,-0.78,6.324,6.107,5.788,83435.03,70629.29,49264.05,2.65
2019-02-28,6.26,6.45,6.39,6.2,75128.35,0.15,2.4,6.268,6.046,5.754,90586.64,70741.31,47839.46,3.7
2019-02-27,6.3,6.34,6.24,6.14,68102.68,-0.05,-0.8,6.146,5.971,5.726,86853.86,66004.28,45166.29,3.36
2019-02-26,6.33,6.49,6.29,6.18,111642.5,-0.07,-1.1,6.072,5.913,5.705,80717.52,62717.03,42762.01,5.5
2019-02-25,6.1,6.41,6.36,6.03,108587.83,0.3,4.95,5.984,5.845,5.684,68361.62,54820.98,38211.17,5.35
2019-02-22,5.93,6.26,6.06,5.86,89471.85,0.28,4.84,5.89,5.756,5.665,57823.55,45934.82,33826.38,4.41
2019-02-21,5.85,5.96,5.78,5.77,56464.46,-0.09,-1.53,5.824,5.68,5.658,50895.98,39126.19,30293.44,2.78
2019-02-20,5.88,5.9,5.87,5.79,37420.96,0.02,0.34,5.796,5.61,5.663,45154.69,36071.05,28482.96,1.84
2019-02-19,5.89,5.94,5.85,5.76,49863.0,-0.04,-0.68,5.754,5.553,5.667,44716.55,33761.85,27711.79,2.46
2019-02-18,5.68,5.9,5.89,5.67,55897.5,0.16,2.79,5.706,5.505,5.674,41280.35,31122.8,26222.32,2.76
2019-02-15,5.62,5.99,5.73,5.6,54834.0,0.09,1.6,5.622,5.468,5.674,34046.09,27898.8,24483.09,2.7
2019-02-14,5.64,5.7,5.64,5.6,27758.0,-0.02,-0.35,5.536,5.462,5.684,27356.4,24937.6,22619.66,1.37
2019-02-13,5.61,5.69,5.66,5.54,35230.23,0.05,0.89,5.424,5.481,5.698,26987.4,24328.3,22332.54,1.74
2019-02-12,5.45,5.67,5.61,5.45,32682.0,0.14,2.56,5.352,5.496,5.712,22807.16,22806.98,22229.38,1.61
2019-02-11,5.33,5.5,5.47,5.32,19726.24,0.17,3.21,5.304,5.523,5.732,20965.26,21601.37,21874.54,0.97
2019-02-01,5.14,5.32,5.3,5.09,21385.53,0.22,4.33,5.314,5.573,5.757,21751.51,21717.93,22099.2,1.05
2019-01-31,5.38,5.39,5.08,4.99,25913.0,-0.22,-4.15,5.388,5.635,5.786,22518.81,21460.68,22223.23,1.28
2019-01-30,5.39,5.43,5.3,5.28,14329.03,-0.07,-1.3,5.538,5.715,5.82,21669.21,20894.88,21571.18,0.71
2019-01-29,5.5,5.54,5.37,5.29,23472.5,-0.15,-2.72,5.64,5.781,5.844,22806.8,21661.73,21648.88,1.16
2019-01-28,5.75,5.75,5.52,5.46,23657.5,-0.15,-2.65,5.742,5.842,5.861,22237.47,21321.83,21376.2,1.17
2019-01-25,5.81,5.86,5.67,5.66,25222.0,-0.16,-2.74,5.832,5.879,5.877,21684.34,21067.38,21108.35,1.24
2019-01-24,5.85,5.95,5.83,5.78,21665.0,0.02,0.34,5.882,5.906,5.891,20402.55,20301.71,20711.78,1.07
2019-01-23,5.86,5.9,5.81,5.78,20017.0,-0.07,-1.19,5.892,5.914,5.9,20120.56,20336.79,21432.12,0.99
2019-01-22,5.99,5.99,5.88,5.84,20625.86,-0.09,-1.51,5.922,5.927,5.916,20516.66,21651.79,21941.01,1.02
2019-01-21,5.91,5.99,5.97,5.88,20891.86,0.05,0.84,5.942,5.941,5.918,20406.18,22147.71,21751.62,1.03
2019-01-18,5.86,5.96,5.92,5.82,18813.03,0.04,0.68,5.926,5.94,5.918,20450.41,22480.48,21648.68,0.93
2019-01-17,5.98,5.98,5.88,5.88,20255.03,-0.08,-1.34,5.93,5.936,5.915,20200.88,22985.78,21357.23,1.0
2019-01-16,5.95,6.02,5.96,5.95,21997.5,-0.02,-0.33,5.936,5.924,5.918,20553.01,22247.48,21112.77,1.08
2019-01-15,5.87,5.98,5.98,5.85,20073.5,0.09,1.53,5.932,5.906,5.92,22786.91,21636.03,21216.62,0.99
2019-01-14,5.98,5.98,5.89,5.86,21113.0,-0.05,-0.84,5.94,5.88,5.916,23889.23,21430.58,22368.79,1.04
2019-01-11,5.85,5.95,5.94,5.85,17565.36,0.03,0.51,5.954,5.874,5.93,24510.55,21149.33,22570.47,0.87
2019-01-10,5.91,5.97,5.91,5.87,22015.71,-0.03,-0.51,5.942,5.875,5.94,25770.68,21121.85,22545.7,1.09
2019-01-09,6.06,6.07,5.94,5.94,33167.0,-0.08,-1.33,5.912,5.886,5.951,23941.94,22527.46,22607.99,1.63
2019-01-08,5.94,6.04,6.02,5.92,25585.09,0.06,1.01,5.88,5.905,5.96,20485.14,22230.24,22425.13,1.26
2019-01-07,5.89,5.98,5.96,5.83,24219.59,0.08,1.36,5.82,5.895,5.973,18971.92,21355.54,22930.89,1.19
2019-01-04,5.7,5.88,5.88,5.65,23866.0,0.12,2.08,5.794,5.895,5.995,17788.11,20816.88,23557.67,1.18
2019-01-03,5.73,5.86,5.76,5.73,12872.0,-0.02,-0.35,5.808,5.893,6.03,16473.01,19728.68,24654.85,0.63
2019-01-02,5.85,5.85,5.78,5.71,15883.0,0.06,1.05,5.86,5.912,6.079,21112.97,19978.07,27210.6,0.78
2018-12-28,5.84,5.98,5.72,5.72,18019.03,-0.11,-1.89,5.93,5.934,6.117,23975.35,20797.22,28405.93,0.89
2018-12-27,6.01,6.09,5.83,5.83,18300.53,-0.12,-2.02,5.97,5.951,6.149,23739.16,23307.01,29498.79,0.9
2018-12-26,5.98,6.06,5.95,5.94,17290.5,-0.07,-1.16,5.996,5.986,6.166,23845.64,23991.61,30535.92,0.85
2018-12-25,6.05,6.05,6.02,5.81,36071.81,-0.11,-1.79,5.978,6.004,6.191,22984.34,23969.56,31599.18,1.78
2018-12-24,5.93,6.16,6.13,5.87,30194.86,0.21,3.55,5.964,6.015,6.212,18843.17,22688.53,32104.74,1.49
2018-12-21,5.96,5.99,5.92,5.84,16838.09,-0.04,-0.67,5.938,6.014,6.219,17619.1,22620.01,32666.35,0.83
2018-12-20,5.81,5.99,5.96,5.81,18832.96,0.1,1.71,5.932,6.051,6.233,22874.85,24506.23,34628.05,0.93
2018-12-19,5.99,5.99,5.86,5.84,12983.99,-0.09,-1.51,5.976,6.094,6.272,24137.58,26298.47,36497.52,0.64
2018-12-18,5.99,6.03,5.95,5.88,15365.94,-0.05,-0.83,6.03,6.166,6.319,24954.78,29581.03,39936.15,0.76
2018-12-17,5.88,6.01,6.0,5.83,24074.53,0.11,1.87,6.066,6.246,6.351,26533.9,34443.13,41460.45,1.19
2018-12-14,6.18,6.19,5.89,5.85,43116.84,-0.29,-4.69,6.09,6.299,6.4,27620.92,36014.63,42092.85,2.13
2018-12-13,6.22,6.24,6.18,6.1,25146.61,0.05,0.82,6.17,6.347,6.455,26137.61,35690.58,42605.32,1.24
2018-12-12,6.14,6.17,6.13,6.1,17070.0,0.0,0.0,6.212,6.346,6.493,28459.35,37080.22,43847.26,0.84
2018-12-11,6.18,6.2,6.13,6.09,23261.5,0.01,0.16,6.302,6.377,6.526,34207.28,39228.81,45983.9,1.15
2018-12-10,6.2,6.28,6.12,6.09,29509.66,-0.17,-2.7,6.426,6.408,6.558,42352.36,41520.96,47941.97,1.46
2018-12-07,6.42,6.49,6.29,6.24,35700.28,-0.1,-1.56,6.508,6.423,6.585,44408.34,42712.69,50014.19,1.76
2018-12-06,6.57,6.63,6.39,6.32,36755.31,-0.19,-2.89,6.524,6.414,6.595,45243.55,44749.87,52403.04,1.81
2018-12-05,6.5,6.7,6.58,6.49,45809.65,-0.17,-2.52,6.48,6.449,6.589,45701.09,46696.58,52494.25,2.26
2018-12-04,6.45,6.94,6.75,6.45,63986.91,0.22,3.37,6.452,6.472,6.572,44250.33,50291.26,51804.47,3.16
2018-12-03,6.55,6.6,6.53,6.45,39789.56,0.16,2.51,6.39,6.456,6.55,40689.55,48477.77,50117.54,1.96
2018-11-30,6.22,6.45,6.37,6.15,39876.31,0.2,3.24,6.338,6.5,6.544,41017.04,48171.07,50109.65,1.97
2018-11-29,6.46,6.55,6.17,6.12,39043.0,-0.27,-4.19,6.304,6.562,6.543,44256.18,49520.07,50358.26,1.93
2018-11-28,6.57,6.57,6.44,6.29,38555.88,0.0,0.0,6.418,6.64,6.542,47692.07,50614.3,50132.08,1.9
2018-11-27,6.27,6.67,6.44,6.27,46183.0,0.17,2.71,6.492,6.674,6.528,56332.2,52738.99,49553.24,2.28
2018-11-26,6.22,6.45,6.27,6.22,41427.03,0.07,1.13,6.522,6.707,6.511,56266.0,54362.99,48341.56,2.04
2018-11-23,6.83,6.83,6.2,6.18,56072.0,-0.54,-8.01,6.662,6.746,6.495,55325.09,57315.68,47358.01,2.77
2018-11-22,6.9,6.95,6.74,6.67,56222.45,-0.07,-1.03,6.82,6.776,6.49,54783.96,60056.22,46124.03,2.77
2018-11-21,6.59,7.15,6.81,6.53,81756.5,0.22,3.34,6.862,6.728,6.453,53536.54,58291.92,44828.16,4.03
2018-11-20,6.96,6.96,6.59,6.57,45852.0,-0.38,-5.45,6.856,6.672,6.42,49145.79,53317.67,42602.16,2.26
2018-11-19,7.02,7.08,6.97,6.84,36722.5,-0.02,-0.29,6.892,6.644,6.393,52459.99,51757.31,42271.32,1.81
2018-11-16,6.97,7.05,6.99,6.88,53366.34,0.04,0.58,6.83,6.587,6.354,59306.27,52048.22,43190.08,2.63
2018-11-15,6.78,6.95,6.95,6.77,49985.34,0.17,2.51,6.732,6.523,6.304,65328.48,51196.44,42735.46,2.47
2018-11-14,6.72,6.93,6.78,6.71,59802.75,0.01,0.15,6.594,6.443,6.241,63047.31,49649.86,41947.92,2.95
2018-11-13,6.46,6.88,6.77,6.45,62423.0,0.11,1.65,6.488,6.381,6.203,57489.56,46367.48,40511.18,3.08
2018-11-12,6.53,6.66,6.66,6.36,70953.91,0.16,2.46,6.396,6.314,6.157,51054.63,42320.13,38708.77,3.5
2018-11-09,6.26,6.55,6.5,5.8,83477.39,0.24,3.83,6.344,6.244,6.118,44790.18,37400.34,36550.52,4.12
2018-11-08,6.31,6.49,6.26,6.25,38579.5,0.01,0.16,6.314,6.204,6.097,37064.4,32191.85,34690.98,1.9
2018-11-07,6.3,6.38,6.25,6.25,32014.0,-0.06,-0.95,6.292,6.177,6.104,36252.4,31364.4,34876.32,1.58
2018-11-06,6.41,6.41,6.31,6.17,30248.34,-0.09,-1.41,6.274,6.167,6.146,35245.4,31886.65,34191.6,1.49
2018-11-05,6.31,6.43,6.4,6.25,39631.67,0.05,0.79,6.232,6.142,6.186,33585.63,32785.33,33374.93,1.96
2018-11-02,6.18,6.35,6.35,6.18,44848.5,0.2,3.25,6.144,6.121,6.217,30010.5,34331.93,32690.5,2.21
2018-11-01,6.16,6.28,6.15,6.13,34519.5,-0.01,-0.16,6.094,6.085,6.273,27319.3,34274.48,31638.47,1.7
2018-10-31,6.2,6.24,6.16,5.91,26979.0,0.06,0.98,6.062,6.038,6.337,26476.4,34245.98,31278.82,1.33
2018-10-30,6.07,6.11,6.1,5.85,21949.5,0.14,2.35,6.06,6.024,6.414,28527.9,34654.88,30880.88,1.08
2018-10-29,6.06,6.17,5.96,5.92,21756.0,-0.14,-2.29,6.052,5.999,6.495,31985.03,35097.42,30622.61,1.07
2018-10-26,6.02,6.18,6.1,6.02,31392.5,0.11,1.84,6.098,5.991,6.581,38653.37,35700.7,31027.91,1.55
2018-10-25,5.99,6.04,5.99,5.85,30305.0,-0.16,-2.6,6.076,5.99,6.656,41229.67,37190.11,30415.76,1.5
2018-10-24,6.06,6.32,6.15,6.02,37236.5,0.09,1.49,6.014,6.03,6.739,42015.57,38388.25,30403.38,1.84
2018-10-23,6.19,6.34,6.06,6.0,39235.17,-0.13,-2.1,5.988,6.125,6.814,40781.87,36496.55,29966.48,1.94
2018-10-22,5.99,6.29,6.19,5.98,55097.66,0.2,3.34,5.946,6.23,6.887,38209.8,33964.53,28930.82,2.72
2018-10-19,5.54,6.02,5.99,5.54,44274.0,0.31,5.46,5.884,6.313,6.962,32748.04,31049.06,26975.31,2.19
2018-10-18,6.02,6.02,5.68,5.59,34234.5,-0.34,-5.65,5.904,6.46,7.058,33150.56,29002.46,25958.91,1.69
2018-10-17,5.92,6.08,6.02,5.81,31068.0,0.17,2.91,6.046,6.636,7.168,34760.92,28311.66,25275.76,1.53
2018-10-16,5.9,6.09,5.85,5.78,26374.85,-0.03,-0.51,6.262,6.803,7.258,32211.22,27106.88,24716.21,1.3
2018-10-15,6.07,6.18,5.88,5.87,27788.85,-0.21,-3.45,6.514,6.991,7.356,29719.25,26147.79,24848.47,1.37
2018-10-12,6.34,6.34,6.09,5.75,46286.58,-0.3,-4.7,6.742,7.171,7.465,29350.08,26355.11,24755.38,2.28
2018-10-11,6.76,6.9,6.39,6.39,42286.34,-0.71,-10.0,7.016,7.322,7.568,24854.37,23641.4,23768.35,2.09
2018-10-10,7.11,7.19,7.1,7.02,18319.5,-0.01,-0.14,7.226,7.448,7.646,21862.4,22418.52,22932.53,0.9
2018-10-09,7.02,7.17,7.11,7.02,13915.0,0.09,1.28,7.344,7.503,7.7,22002.53,23436.42,23444.96,0.69
2018-10-08,7.0,7.25,7.02,7.0,25943.0,-0.44,-5.9,7.468,7.544,7.75,22576.33,23897.12,24297.86,1.28
2018-09-28,7.42,7.52,7.46,7.35,23808.0,0.02,0.27,7.6,7.611,7.807,23360.13,22901.57,24275.36,1.17
2018-09-27,7.68,7.76,7.44,7.44,27326.5,-0.25,-3.25,7.628,7.655,7.844,22428.43,22915.37,24978.86,1.35
2018-09-26,7.71,7.77,7.69,7.66,19020.16,-0.04,-0.52,7.67,7.7,7.891,22974.63,22239.87,25538.48,0.94
2018-09-25,7.65,7.73,7.73,7.62,16784.0,0.05,0.65,7.662,7.713,7.924,24870.3,22325.55,26961.29,0.83
2018-09-21,7.6,7.7,7.68,7.55,29862.0,0.08,1.05,7.62,7.72,7.95,25217.9,23549.15,28599.06,1.47
2018-09-20,7.64,7.71,7.6,7.57,19149.5,-0.05,-0.65,7.622,7.758,7.975,22443.0,23155.65,31739.86,0.95
2018-09-19,7.62,7.74,7.65,7.55,30057.5,0.0,0.0,7.682,7.814,7.988,23402.3,23895.3,32603.01,1.48
2018-09-18,7.52,7.65,7.65,7.45,28498.5,0.13,1.73,7.73,7.843,7.989,21505.1,23446.55,32570.53,1.41
2018-09-17,7.7,7.7,7.52,7.52,18522.0,-0.17,-2.21,7.764,7.897,8.002,19780.8,23453.5,33094.86,0.91
2018-09-14,7.88,7.92,7.69,7.67,15987.5,-0.21,-2.66,7.82,7.956,8.014,21880.4,24698.6,33379.63,0.79
2018-09-13,7.98,8.0,7.9,7.75,23946.0,0.01,0.13,7.894,8.003,8.01,23868.3,25649.15,34032.06,1.18
2018-09-12,7.83,7.91,7.89,7.65,20571.5,0.07,0.9,7.946,8.033,8.007,24388.3,27042.35,34306.58,1.02
2018-09-11,7.8,7.9,7.82,7.75,19877.0,0.02,0.26,7.956,8.081,8.008,25388.0,28837.1,35121.48,0.98
2018-09-10,8.03,8.07,7.8,7.77,29020.0,-0.26,-3.23,8.03,8.134,8.026,27126.2,31597.03,35857.91,1.43
2018-09-07,8.16,8.21,8.06,8.02,25927.0,-0.1,-1.23,8.092,8.18,8.046,27516.8,33648.97,36501.84,1.28
2018-09-06,7.88,8.25,8.16,7.88,26546.0,0.22,2.77,8.112,8.191,8.058,27430.0,40324.07,38309.97,1.31
2018-09-05,8.18,8.22,7.94,7.92,25570.0,-0.25,-3.05,8.12,8.161,8.061,29696.4,41310.72,39336.94,1.26
2018-09-04,8.15,8.28,8.19,8.0,28568.0,0.08,0.99,8.206,8.134,8.069,32286.2,41694.52,39830.69,1.41
2018-09-03,8.05,8.16,8.11,7.86,30973.0,-0.05,-0.61,8.238,8.107,8.063,36067.86,42736.22,39999.87,1.53
2018-08-31,8.22,8.33,8.16,8.16,25493.0,-0.04,-0.49,8.268,8.072,8.05,39781.14,42060.67,40170.94,1.26
2018-08-30,8.36,8.5,8.2,8.18,37878.0,-0.17,-2.03,8.27,8.017,8.041,53218.13,42414.97,40327.8,1.87
2018-08-29,8.33,8.56,8.37,8.33,38519.0,0.02,0.24,8.202,7.98,8.032,52925.03,41570.82,41782.58,1.9
2018-08-28,8.29,8.39,8.35,8.24,47476.28,0.09,1.09,8.062,7.935,8.022,51102.83,41405.87,42864.56,2.34
2018-08-27,8.15,8.3,8.26,8.12,49539.44,0.09,1.1,7.976,7.917,8.03,49404.58,40118.79,43184.54,2.44
2018-08-24,7.85,8.3,8.17,7.85,92677.94,0.31,3.94,7.876,7.912,8.052,44340.19,39354.71,45066.69,4.57
2018-08-23,7.67,7.9,7.86,7.67,36412.5,0.19,2.48,7.764,7.925,8.101,31611.8,36295.87,47363.32,1.8
2018-08-22,7.93,7.95,7.67,7.61,29408.0,-0.25,-3.16,7.758,7.96,8.146,30216.6,37363.17,48265.73,1.45
2018-08-21,7.76,8.03,7.92,7.75,38985.0,0.16,2.06,7.808,8.003,8.203,31708.9,37966.87,50153.79,1.92
2018-08-20,7.6,7.78,7.76,7.5,24217.5,0.15,1.97,7.858,8.019,8.242,30833.0,37263.53,52097.73,1.2
2018-08-17,7.87,8.03,7.61,7.55,29036.0,-0.22,-2.81,7.948,8.027,8.283,34369.24,38281.21,58439.59,1.43
2018-08-16,7.85,8.02,7.83,7.72,29436.5,-0.09,-1.14,8.086,8.064,8.363,40979.94,38240.63,60617.61,1.45
2018-08-15,8.17,8.18,7.92,7.81,36869.5,-0.25,-3.06,8.162,8.083,8.434,44509.74,41994.35,64731.18,1.82
2018-08-14,8.26,8.39,8.17,8.15,34605.5,-0.04,-0.49,8.198,8.108,8.49,44224.84,44323.26,68652.01,1.71
2018-08-13,8.15,8.25,8.21,8.03,41898.68,-0.09,-1.08,8.18,8.143,8.551,43694.07,46250.3,74222.04,2.07
2018-08-10,8.23,8.57,8.3,8.16,62089.5,0.09,1.1,8.106,8.192,8.628,42193.19,50778.67,85893.49,3.06
2018-08-09,8.04,8.3,8.21,8.02,47085.5,0.11,1.36,8.042,8.277,8.679,35501.32,58430.78,88200.15,2.32
2018-08-08,8.0,8.25,8.1,7.98,35445.0,0.02,0.25,8.004,8.331,8.692,39478.96,59168.29,89106.95,1.75
2018-08-07,7.84,8.08,8.08,7.8,31951.65,0.24,3.06,8.018,8.402,8.703,44421.68,62340.71,91094.78,1.58
2018-08-06,7.84,8.06,7.84,7.71,34394.31,-0.14,-1.75,8.106,8.465,8.725,48806.53,66931.93,94043.77,1.7
2018-08-03,7.97,8.13,7.98,7.89,28630.15,-0.04,-0.5,8.278,8.538,8.746,59364.15,78597.97,95103.26,1.41
2018-08-02,8.15,8.16,8.02,7.66,66973.69,-0.15,-1.84,8.512,8.662,8.786,81360.24,82994.6,98601.85,3.31
2018-08-01,8.45,8.57,8.17,8.11,60158.58,-0.35,-4.11,8.658,8.785,8.829,78857.62,87468.02,100358.97,2.97
2018-07-31,8.69,8.76,8.52,8.36,53875.94,-0.18,-2.07,8.786,8.872,8.868,80259.75,92980.77,102723.69,2.66
2018-07-30,8.99,9.09,8.7,8.6,87182.41,-0.45,-4.92,8.824,8.959,8.889,85057.33,102193.78,105776.68,4.3
2018-07-27,8.7,9.29,9.15,8.7,138610.56,0.4,4.57,8.798,9.063,8.902,97831.78,121008.31,107016.3,6.84
2018-07-26,8.87,8.89,8.75,8.5,54460.59,-0.06,-0.68,8.812,9.08,8.884,84628.95,117969.52,104759.56,2.69
2018-07-25,8.7,8.96,8.81,8.68,67169.23,0.1,1.15,8.912,9.052,8.895,96078.42,119045.61,108628.71,3.31
2018-07-24,8.37,8.76,8.71,8.34,77863.84,0.14,1.63,8.958,9.003,8.902,105701.79,119848.85,112083.67,3.84
2018-07-23,8.98,8.98,8.57,8.31,151054.69,-0.65,-7.05,9.094,8.984,8.919,119330.23,121155.62,115194.57,7.45
2018-07-20,9.08,9.32,9.22,9.06,72596.42,-0.03,-0.32,9.328,8.954,8.954,144184.83,111608.55,111608.55,3.58
2018-07-19,9.0,9.46,9.25,8.87,111707.94,0.21,2.32,9.348,8.924,8.924,151310.08,115943.23,115943.23,5.51
2018-07-18,9.3,9.37,9.04,9.0,115286.04,-0.35,-3.73,9.192,8.884,8.884,142012.8,116472.65,116472.65,5.69
2018-07-17,9.34,9.57,9.39,9.16,146006.05,-0.35,-3.59,9.048,8.861,8.861,133995.92,116642.16,116642.16,7.21
2018-07-16,8.99,10.19,9.74,8.5,275327.69,0.42,4.51,8.874,8.773,8.773,122981.01,111748.18,111748.18,13.59
2018-07-13,8.47,9.32,9.32,8.46,108222.7,0.85,10.04,8.58,8.58,8.58,79032.28,79032.28,79032.28,5.34
2018-07-12,8.16,8.55,8.47,8.16,65221.5,0.15,1.8,8.395,8.395,8.395,71734.67,71734.67,71734.67,3.22
2018-07-11,8.37,8.4,8.32,8.02,75201.66,-0.2,-2.35,8.37,8.37,8.37,73905.73,73905.73,73905.73,3.71
2018-07-10,8.3,8.66,8.52,8.24,90931.5,0.25,3.02,8.395,8.395,8.395,73257.77,73257.77,73257.77,4.49
2018-07-09,8.14,8.34,8.27,8.09,55584.03,0.21,2.6,8.27,8.27,8.27,55584.03,55584.03,55584.03,2.74
